pos/00000.jpg 1 0 0 46 10
pos/00001.jpg 1 0 0 46 10
pos/00002.jpg 1 0 0 46 10
pos/00003.jpg 1 0 0 46 10
pos/00004.jpg 1 0 0 46 10
pos/00005.jpg 1 0 0 46 10
pos/00006.jpg 1 0 0 46 10
pos/00007.jpg 1 0 0 46 10
pos/00008.jpg 1 0 0 46 10
pos/00009.jpg 1 0 0 46 10
pos/00010.jpg 1 0 0 46 10
pos/00011.jpg 1 0 0 46 10
pos/00012.jpg 1 0 0 46 10
pos/00013.jpg 1 0 0 46 10
pos/00014.jpg 1 0 0 46 10
pos/00015.jpg 1 0 0 46 10
pos/00016.jpg 1 0 0 46 10
pos/00017.jpg 1 0 0 46 10
pos/00018.jpg 1 0 0 46 10
pos/00019.jpg 1 0 0 46 10
pos/00020.jpg 1 0 0 46 10
pos/00021.jpg 1 0 0 46 10
pos/00022.jpg 1 0 0 46 10
pos/00023.jpg 1 0 0 46 10
pos/00024.jpg 1 0 0 46 10
pos/00025.jpg 1 0 0 46 10
pos/00026.jpg 1 0 0 46 10
pos/00027.jpg 1 0 0 46 10
pos/00028.jpg 1 0 0 46 10
pos/00029.jpg 1 0 0 46 10
pos/00030.jpg 1 0 0 46 10
pos/00031.jpg 1 0 0 46 10
pos/00032.jpg 1 0 0 46 10
pos/00033.jpg 1 0 0 46 10
pos/00034.jpg 1 0 0 46 10
pos/00035.jpg 1 0 0 46 10
pos/00036.jpg 1 0 0 46 10
pos/00037.jpg 1 0 0 46 10
pos/00038.jpg 1 0 0 46 10
pos/00039.jpg 1 0 0 46 10
pos/00040.jpg 1 0 0 46 10
pos/00041.jpg 1 0 0 46 10
pos/00042.jpg 1 0 0 46 10
pos/00043.jpg 1 0 0 46 10
pos/00044.jpg 1 0 0 46 10
pos/00045.jpg 1 0 0 46 10
pos/00046.jpg 1 0 0 46 10
pos/00047.jpg 1 0 0 46 10
pos/00048.jpg 1 0 0 46 10
pos/00049.jpg 1 0 0 46 10
pos/00050.jpg 1 0 0 46 10
pos/00051.jpg 1 0 0 46 10
pos/00052.jpg 1 0 0 46 10
pos/00053.jpg 1 0 0 46 10
pos/00054.jpg 1 0 0 46 10
pos/00055.jpg 1 0 0 46 10
pos/00056.jpg 1 0 0 46 10
pos/00057.jpg 1 0 0 46 10
pos/00058.jpg 1 0 0 46 10
pos/00059.jpg 1 0 0 46 10
pos/00060.jpg 1 0 0 46 10
pos/00061.jpg 1 0 0 46 10
pos/00062.jpg 1 0 0 46 10
pos/00063.jpg 1 0 0 46 10
pos/00064.jpg 1 0 0 46 10
pos/00065.jpg 1 0 0 46 10
pos/00066.jpg 1 0 0 46 10
pos/00067.jpg 1 0 0 46 10
pos/00068.jpg 1 0 0 46 10
pos/00069.jpg 1 0 0 46 10
pos/00070.jpg 1 0 0 46 10
pos/00071.jpg 1 0 0 46 10
pos/00072.jpg 1 0 0 46 10
pos/00073.jpg 1 0 0 46 10
pos/00074.jpg 1 0 0 46 10
pos/00075.jpg 1 0 0 46 10
pos/00076.jpg 1 0 0 46 10
pos/00077.jpg 1 0 0 46 10
pos/00078.jpg 1 0 0 46 10
pos/00079.jpg 1 0 0 46 10
pos/00080.jpg 1 0 0 46 10
pos/00081.jpg 1 0 0 46 10
pos/00082.jpg 1 0 0 46 10
pos/00083.jpg 1 0 0 46 10
pos/00084.jpg 1 0 0 46 10
pos/00085.jpg 1 0 0 46 10
pos/00086.jpg 1 0 0 46 10
pos/00087.jpg 1 0 0 46 10
pos/00088.jpg 1 0 0 46 10
pos/00089.jpg 1 0 0 46 10
pos/00090.jpg 1 0 0 46 10
pos/00091.jpg 1 0 0 46 10
pos/00092.jpg 1 0 0 46 10
pos/00093.jpg 1 0 0 46 10
pos/00094.jpg 1 0 0 46 10
pos/00095.jpg 1 0 0 46 10
pos/00096.jpg 1 0 0 46 10
pos/00097.jpg 1 0 0 46 10
pos/00098.jpg 1 0 0 46 10
pos/00099.jpg 1 0 0 46 10
pos/00100.jpg 1 0 0 46 10
pos/00101.jpg 1 0 0 46 10
pos/00102.jpg 1 0 0 46 10
pos/00103.jpg 1 0 0 46 10
pos/00104.jpg 1 0 0 46 10
pos/00105.jpg 1 0 0 46 10
pos/00106.jpg 1 0 0 46 10
pos/00107.jpg 1 0 0 46 10
pos/00108.jpg 1 0 0 46 10
pos/00109.jpg 1 0 0 46 10
pos/00110.jpg 1 0 0 46 10
pos/00111.jpg 1 0 0 46 10
pos/00112.jpg 1 0 0 46 10
pos/00113.jpg 1 0 0 46 10
pos/00114.jpg 1 0 0 46 10
pos/00115.jpg 1 0 0 46 10
pos/00116.jpg 1 0 0 46 10
pos/00117.jpg 1 0 0 46 10
pos/00118.jpg 1 0 0 46 10
pos/00119.jpg 1 0 0 46 10
pos/00120.jpg 1 0 0 46 10
pos/00121.jpg 1 0 0 46 10
pos/00122.jpg 1 0 0 46 10
pos/00123.jpg 1 0 0 46 10
pos/00124.jpg 1 0 0 46 10
pos/00125.jpg 1 0 0 46 10
pos/00126.jpg 1 0 0 46 10
pos/00127.jpg 1 0 0 46 10
pos/00128.jpg 1 0 0 46 10
pos/00129.jpg 1 0 0 46 10
pos/00130.jpg 1 0 0 46 10
pos/00131.jpg 1 0 0 46 10
pos/00132.jpg 1 0 0 46 10
pos/00133.jpg 1 0 0 46 10
pos/00134.jpg 1 0 0 46 10
pos/00135.jpg 1 0 0 46 10
pos/00136.jpg 1 0 0 46 10
pos/00137.jpg 1 0 0 46 10
pos/00138.jpg 1 0 0 46 10
pos/00139.jpg 1 0 0 46 10
pos/00140.jpg 1 0 0 46 10
pos/00141.jpg 1 0 0 46 10
pos/00142.jpg 1 0 0 46 10
pos/00143.jpg 1 0 0 46 10
pos/00144.jpg 1 0 0 46 10
pos/00145.jpg 1 0 0 46 10
pos/00146.jpg 1 0 0 46 10
pos/00147.jpg 1 0 0 46 10
pos/00148.jpg 1 0 0 46 10
pos/00149.jpg 1 0 0 46 10
pos/00150.jpg 1 0 0 46 10
pos/00151.jpg 1 0 0 46 10
pos/00152.jpg 1 0 0 46 10
pos/00153.jpg 1 0 0 46 10
pos/00154.jpg 1 0 0 46 10
pos/00155.jpg 1 0 0 46 10
pos/00156.jpg 1 0 0 46 10
pos/00157.jpg 1 0 0 46 10
pos/00158.jpg 1 0 0 46 10
pos/00159.jpg 1 0 0 46 10
pos/00160.jpg 1 0 0 46 10
pos/00161.jpg 1 0 0 46 10
pos/00162.jpg 1 0 0 46 10
pos/00163.jpg 1 0 0 46 10
pos/00164.jpg 1 0 0 46 10
pos/00165.jpg 1 0 0 46 10
pos/00166.jpg 1 0 0 46 10
pos/00167.jpg 1 0 0 46 10
pos/00168.jpg 1 0 0 46 10
pos/00169.jpg 1 0 0 46 10
pos/00170.jpg 1 0 0 46 10
pos/00171.jpg 1 0 0 46 10
pos/00172.jpg 1 0 0 46 10
pos/00173.jpg 1 0 0 46 10
pos/00174.jpg 1 0 0 46 10
pos/00175.jpg 1 0 0 46 10
pos/00176.jpg 1 0 0 46 10
pos/00177.jpg 1 0 0 46 10
pos/00178.jpg 1 0 0 46 10
pos/00179.jpg 1 0 0 46 10
pos/00180.jpg 1 0 0 46 10
pos/00181.jpg 1 0 0 46 10
pos/00182.jpg 1 0 0 46 10
pos/00183.jpg 1 0 0 46 10
pos/00184.jpg 1 0 0 46 10
pos/00185.jpg 1 0 0 46 10
pos/00186.jpg 1 0 0 46 10
pos/00187.jpg 1 0 0 46 10
pos/00188.jpg 1 0 0 46 10
pos/00189.jpg 1 0 0 46 10
pos/00190.jpg 1 0 0 46 10
pos/00191.jpg 1 0 0 46 10
pos/00192.jpg 1 0 0 46 10
pos/00193.jpg 1 0 0 46 10
pos/00194.jpg 1 0 0 46 10
pos/00195.jpg 1 0 0 46 10
pos/00196.jpg 1 0 0 46 10
pos/00197.jpg 1 0 0 46 10
pos/00198.jpg 1 0 0 46 10
pos/00199.jpg 1 0 0 46 10
pos/00200.jpg 1 0 0 46 10
pos/00201.jpg 1 0 0 46 10
pos/00202.jpg 1 0 0 46 10
pos/00203.jpg 1 0 0 46 10
pos/00204.jpg 1 0 0 46 10
pos/00205.jpg 1 0 0 46 10
pos/00206.jpg 1 0 0 46 10
pos/00207.jpg 1 0 0 46 10
pos/00208.jpg 1 0 0 46 10
pos/00209.jpg 1 0 0 46 10
pos/00210.jpg 1 0 0 46 10
pos/00211.jpg 1 0 0 46 10
pos/00212.jpg 1 0 0 46 10
pos/00213.jpg 1 0 0 46 10
pos/00214.jpg 1 0 0 46 10
pos/00215.jpg 1 0 0 46 10
pos/00216.jpg 1 0 0 46 10
pos/00217.jpg 1 0 0 46 10
pos/00218.jpg 1 0 0 46 10
pos/00219.jpg 1 0 0 46 10
pos/00220.jpg 1 0 0 46 10
pos/00221.jpg 1 0 0 46 10
pos/00222.jpg 1 0 0 46 10
pos/00223.jpg 1 0 0 46 10
pos/00224.jpg 1 0 0 46 10
pos/00225.jpg 1 0 0 46 10
pos/00226.jpg 1 0 0 46 10
pos/00227.jpg 1 0 0 46 10
pos/00228.jpg 1 0 0 46 10
pos/00229.jpg 1 0 0 46 10
pos/00230.jpg 1 0 0 46 10
pos/00231.jpg 1 0 0 46 10
pos/00232.jpg 1 0 0 46 10
pos/00233.jpg 1 0 0 46 10
pos/00234.jpg 1 0 0 46 10
pos/00235.jpg 1 0 0 46 10
pos/00236.jpg 1 0 0 46 10
pos/00237.jpg 1 0 0 46 10
pos/00238.jpg 1 0 0 46 10
pos/00239.jpg 1 0 0 46 10
pos/00240.jpg 1 0 0 46 10
pos/00241.jpg 1 0 0 46 10
pos/00242.jpg 1 0 0 46 10
pos/00243.jpg 1 0 0 46 10
pos/00244.jpg 1 0 0 46 10
pos/00245.jpg 1 0 0 46 10
pos/00246.jpg 1 0 0 46 10
pos/00247.jpg 1 0 0 46 10
pos/00248.jpg 1 0 0 46 10
pos/00249.jpg 1 0 0 46 10
pos/00250.jpg 1 0 0 46 10
pos/00251.jpg 1 0 0 46 10
pos/00252.jpg 1 0 0 46 10
pos/00253.jpg 1 0 0 46 10
pos/00254.jpg 1 0 0 46 10
pos/00255.jpg 1 0 0 46 10
pos/00256.jpg 1 0 0 46 10
pos/00257.jpg 1 0 0 46 10
pos/00258.jpg 1 0 0 46 10
pos/00259.jpg 1 0 0 46 10
pos/00260.jpg 1 0 0 46 10
pos/00261.jpg 1 0 0 46 10
pos/00262.jpg 1 0 0 46 10
pos/00263.jpg 1 0 0 46 10
pos/00264.jpg 1 0 0 46 10
pos/00265.jpg 1 0 0 46 10
pos/00266.jpg 1 0 0 46 10
pos/00267.jpg 1 0 0 46 10
pos/00268.jpg 1 0 0 46 10
pos/00269.jpg 1 0 0 46 10
pos/00270.jpg 1 0 0 46 10
pos/00271.jpg 1 0 0 46 10
pos/00272.jpg 1 0 0 46 10
pos/00273.jpg 1 0 0 46 10
pos/00274.jpg 1 0 0 46 10
pos/00275.jpg 1 0 0 46 10
pos/00276.jpg 1 0 0 46 10
pos/00277.jpg 1 0 0 46 10
pos/00278.jpg 1 0 0 46 10
pos/00279.jpg 1 0 0 46 10
pos/00280.jpg 1 0 0 46 10
pos/00281.jpg 1 0 0 46 10
pos/00282.jpg 1 0 0 46 10
pos/00283.jpg 1 0 0 46 10
pos/00284.jpg 1 0 0 46 10
pos/00285.jpg 1 0 0 46 10
pos/00286.jpg 1 0 0 46 10
pos/00287.jpg 1 0 0 46 10
pos/00288.jpg 1 0 0 46 10
pos/00289.jpg 1 0 0 46 10
pos/00290.jpg 1 0 0 46 10
pos/00291.jpg 1 0 0 46 10
pos/00292.jpg 1 0 0 46 10
pos/00293.jpg 1 0 0 46 10
pos/00294.jpg 1 0 0 46 10
pos/00295.jpg 1 0 0 46 10
pos/00296.jpg 1 0 0 46 10
pos/00297.jpg 1 0 0 46 10
pos/00298.jpg 1 0 0 46 10
pos/00299.jpg 1 0 0 46 10
pos/00300.jpg 1 0 0 46 10
pos/00301.jpg 1 0 0 46 10
pos/00302.jpg 1 0 0 46 10
pos/00303.jpg 1 0 0 46 10
pos/00304.jpg 1 0 0 46 10
pos/00305.jpg 1 0 0 46 10
pos/00306.jpg 1 0 0 46 10
pos/00307.jpg 1 0 0 46 10
pos/00308.jpg 1 0 0 46 10
pos/00309.jpg 1 0 0 46 10
pos/00310.jpg 1 0 0 46 10
pos/00311.jpg 1 0 0 46 10
pos/00312.jpg 1 0 0 46 10
pos/00313.jpg 1 0 0 46 10
pos/00314.jpg 1 0 0 46 10
pos/00315.jpg 1 0 0 46 10
pos/00316.jpg 1 0 0 46 10
pos/00317.jpg 1 0 0 46 10
pos/00318.jpg 1 0 0 46 10
pos/00319.jpg 1 0 0 46 10
pos/00320.jpg 1 0 0 46 10
pos/00321.jpg 1 0 0 46 10
pos/00322.jpg 1 0 0 46 10
pos/00323.jpg 1 0 0 46 10
pos/00324.jpg 1 0 0 46 10
pos/00325.jpg 1 0 0 46 10
pos/00326.jpg 1 0 0 46 10
pos/1.jpeg 1 0 0 46 10
pos/10.jpeg 1 0 0 46 10
pos/11.jpeg 1 0 0 46 10
pos/12.jpeg 1 0 0 46 10
pos/13.jpeg 1 0 0 46 10
pos/14.jpeg 1 0 0 46 10
pos/15.jpeg 1 0 0 46 10
pos/16.jpg 1 0 0 46 10
pos/2.jpeg 1 0 0 46 10
pos/3.jpg 1 0 0 46 10
pos/5.jpg 1 0 0 46 10
pos/6.jpg 1 0 0 46 10
pos/7.jpeg 1 0 0 46 10
pos/8.jpg 1 0 0 46 10
pos/9.jpg 1 0 0 46 10
