0001_0022_0014_0069_0069.jpg 1 22 14 69 69
0002_0031_0007_0028_0028.jpg 1 31 7 28 28
0003_0026_0005_0060_0060.jpg 1 26 5 60 60
0004_0022_0017_0047_0047.jpg 1 22 17 47 47
0005_0004_0009_0060_0060.jpg 1 4 9 60 60
0006_0036_0033_0046_0046.jpg 1 36 33 46 46
0007_0009_0007_0068_0068.jpg 1 9 7 68 68
0008_0016_0024_0030_0030.jpg 1 16 24 30 30
0009_0006_0005_0061_0061.jpg 1 6 5 61 61
0010_0010_0027_0047_0047.jpg 1 10 27 47 47
0011_0012_0029_0047_0047.jpg 1 12 29 47 47
0012_0044_0005_0046_0046.jpg 1 44 5 46 46
0013_0005_0035_0049_0049.jpg 1 5 35 49 49
0014_0013_0029_0036_0036.jpg 1 13 29 36 36
0015_0004_0027_0061_0061.jpg 1 4 27 61 61
0016_0023_0023_0055_0055.jpg 1 23 23 55 55
0017_0033_0020_0058_0058.jpg 1 33 20 58 58
0018_0021_0016_0045_0045.jpg 1 21 16 45 45
0019_0028_0035_0031_0031.jpg 1 28 35 31 31
0020_0028_0011_0067_0067.jpg 1 28 11 67 67
0021_0012_0033_0057_0057.jpg 1 12 33 57 57
0022_0054_0047_0038_0038.jpg 1 54 47 38 38
0023_0014_0014_0042_0042.jpg 1 14 14 42 42
0024_0023_0009_0066_0066.jpg 1 23 9 66 66
0025_0049_0014_0041_0041.jpg 1 49 14 41 41
0026_0006_0017_0068_0068.jpg 1 6 17 68 68
0027_0021_0032_0052_0052.jpg 1 21 32 52 52
0028_0033_0032_0051_0051.jpg 1 33 32 51 51
0029_0007_0015_0063_0063.jpg 1 7 15 63 63
0030_0022_0023_0045_0045.jpg 1 22 23 45 45
0031_0013_0049_0038_0038.jpg 1 13 49 38 38
0032_0043_0037_0048_0048.jpg 1 43 37 48 48
0033_0034_0031_0048_0048.jpg 1 34 31 48 48
0034_0013_0005_0052_0052.jpg 1 13 5 52 52
0035_0024_0007_0050_0050.jpg 1 24 7 50 50
0036_0042_0008_0042_0042.jpg 1 42 8 42 42
0037_0034_0031_0055_0055.jpg 1 34 31 55 55
0038_0021_0009_0069_0069.jpg 1 21 9 69 69
0039_0014_0029_0057_0057.jpg 1 14 29 57 57
0040_0036_0015_0055_0055.jpg 1 36 15 55 55
0041_0029_0051_0028_0028.jpg 1 29 51 28 28
0042_0028_0033_0055_0055.jpg 1 28 33 55 55
0043_0040_0007_0054_0054.jpg 1 40 7 54 54
0044_0027_0019_0046_0046.jpg 1 27 19 46 46
0045_0035_0010_0030_0030.jpg 1 35 10 30 30
0046_0010_0024_0039_0039.jpg 1 10 24 39 39
0047_0013_0010_0026_0026.jpg 1 13 10 26 26
0048_0010_0032_0032_0032.jpg 1 10 32 32 32
0049_0009_0032_0047_0047.jpg 1 9 32 47 47
0050_0032_0007_0055_0055.jpg 1 32 7 55 55
0051_0036_0020_0058_0058.jpg 1 36 20 58 58
0052_0018_0018_0029_0029.jpg 1 18 18 29 29
0053_0028_0034_0028_0028.jpg 1 28 34 28 28
0054_0034_0016_0047_0047.jpg 1 34 16 47 47
0055_0018_0003_0068_0068.jpg 1 18 3 68 68
0056_0005_0032_0054_0054.jpg 1 5 32 54 54
0057_0017_0038_0053_0053.jpg 1 17 38 53 53
0058_0017_0007_0062_0062.jpg 1 17 7 62 62
0059_0018_0028_0063_0063.jpg 1 18 28 63 63
0060_0035_0016_0043_0043.jpg 1 35 16 43 43
0061_0014_0007_0029_0029.jpg 1 14 7 29 29
0062_0048_0019_0036_0036.jpg 1 48 19 36 36
0063_0027_0031_0054_0054.jpg 1 27 31 54 54
0064_0034_0014_0058_0058.jpg 1 34 14 58 58
0065_0016_0017_0049_0049.jpg 1 16 17 49 49
0066_0010_0006_0038_0038.jpg 1 10 6 38 38
0067_0014_0025_0050_0050.jpg 1 14 25 50 50
0068_0060_0065_0024_0024.jpg 1 60 65 24 24
0069_0020_0017_0063_0063.jpg 1 20 17 63 63
0070_0043_0045_0043_0043.jpg 1 43 45 43 43
0071_0021_0025_0046_0046.jpg 1 21 25 46 46
0072_0016_0031_0036_0036.jpg 1 16 31 36 36
0073_0029_0011_0049_0049.jpg 1 29 11 49 49
0074_0022_0014_0066_0066.jpg 1 22 14 66 66
0075_0006_0048_0042_0042.jpg 1 6 48 42 42
0076_0020_0019_0065_0065.jpg 1 20 19 65 65
0077_0010_0004_0065_0065.jpg 1 10 4 65 65
0078_0021_0036_0044_0044.jpg 1 21 36 44 44
0079_0030_0041_0054_0054.jpg 1 30 41 54 54
0080_0034_0046_0027_0027.jpg 1 34 46 27 27
0081_0028_0016_0060_0060.jpg 1 28 16 60 60
0082_0033_0009_0047_0047.jpg 1 33 9 47 47
0083_0037_0009_0046_0046.jpg 1 37 9 46 46
0084_0012_0010_0066_0066.jpg 1 12 10 66 66
0085_0007_0020_0031_0031.jpg 1 7 20 31 31
0086_0030_0020_0039_0039.jpg 1 30 20 39 39
0087_0020_0038_0044_0044.jpg 1 20 38 44 44
0088_0006_0027_0044_0044.jpg 1 6 27 44 44
0089_0012_0030_0062_0062.jpg 1 12 30 62 62
0090_0027_0062_0027_0027.jpg 1 27 62 27 27
0091_0058_0021_0031_0031.jpg 1 58 21 31 31
0092_0021_0053_0029_0029.jpg 1 21 53 29 29
0093_0041_0015_0044_0044.jpg 1 41 15 44 44
0094_0017_0059_0026_0026.jpg 1 17 59 26 26
0095_0009_0039_0052_0052.jpg 1 9 39 52 52
0096_0021_0045_0025_0025.jpg 1 21 45 25 25
0097_0023_0032_0044_0044.jpg 1 23 32 44 44
0098_0022_0020_0069_0069.jpg 1 22 20 69 69
0099_0051_0065_0026_0026.jpg 1 51 65 26 26
0100_0005_0021_0058_0058.jpg 1 5 21 58 58
0101_0052_0019_0031_0031.jpg 1 52 19 31 31
0102_0028_0013_0064_0064.jpg 1 28 13 64 64
0103_0027_0007_0049_0049.jpg 1 27 7 49 49
0104_0022_0027_0057_0057.jpg 1 22 27 57 57
0105_0017_0027_0065_0065.jpg 1 17 27 65 65
0106_0029_0066_0024_0024.jpg 1 29 66 24 24
0107_0012_0011_0044_0044.jpg 1 12 11 44 44
0108_0060_0044_0028_0028.jpg 1 60 44 28 28
0109_0042_0044_0036_0036.jpg 1 42 44 36 36
0110_0050_0040_0043_0043.jpg 1 50 40 43 43
0111_0059_0048_0025_0025.jpg 1 59 48 25 25
0112_0033_0012_0055_0055.jpg 1 33 12 55 55
0113_0016_0005_0058_0058.jpg 1 16 5 58 58
0114_0047_0051_0028_0028.jpg 1 47 51 28 28
0115_0020_0019_0030_0030.jpg 1 20 19 30 30
0116_0028_0051_0031_0031.jpg 1 28 51 31 31
0117_0016_0042_0035_0035.jpg 1 16 42 35 35
0118_0047_0020_0041_0041.jpg 1 47 20 41 41
0119_0023_0011_0064_0064.jpg 1 23 11 64 64
0120_0042_0031_0029_0029.jpg 1 42 31 29 29
0121_0037_0032_0034_0034.jpg 1 37 32 34 34
0122_0036_0029_0049_0049.jpg 1 36 29 49 49
0123_0014_0010_0069_0069.jpg 1 14 10 69 69
0124_0011_0038_0036_0036.jpg 1 11 38 36 36
0125_0022_0005_0050_0050.jpg 1 22 5 50 50
0126_0018_0044_0046_0046.jpg 1 18 44 46 46
0127_0044_0044_0048_0048.jpg 1 44 44 48 48
0128_0005_0006_0060_0060.jpg 1 5 6 60 60
0129_0020_0027_0055_0055.jpg 1 20 27 55 55
0130_0014_0016_0047_0047.jpg 1 14 16 47 47
0131_0013_0011_0069_0069.jpg 1 13 11 69 69
0132_0018_0017_0037_0037.jpg 1 18 17 37 37
0133_0035_0016_0049_0049.jpg 1 35 16 49 49
0134_0012_0033_0055_0055.jpg 1 12 33 55 55
0135_0053_0059_0026_0026.jpg 1 53 59 26 26
0136_0018_0023_0056_0056.jpg 1 18 23 56 56
0137_0050_0018_0029_0029.jpg 1 50 18 29 29
0138_0016_0015_0033_0033.jpg 1 16 15 33 33
0139_0036_0011_0037_0037.jpg 1 36 11 37 37
0140_0026_0028_0041_0041.jpg 1 26 28 41 41
0141_0063_0040_0026_0026.jpg 1 63 40 26 26
0142_0008_0046_0024_0024.jpg 1 8 46 24 24
0143_0013_0031_0043_0043.jpg 1 13 31 43 43
0144_0036_0052_0039_0039.jpg 1 36 52 39 39
0145_0026_0025_0063_0063.jpg 1 26 25 63 63
0146_0026_0004_0062_0062.jpg 1 26 4 62 62
0147_0051_0041_0026_0026.jpg 1 51 41 26 26
0148_0028_0017_0054_0054.jpg 1 28 17 54 54
0149_0011_0013_0054_0054.jpg 1 11 13 54 54
0150_0032_0035_0048_0048.jpg 1 32 35 48 48
0151_0034_0016_0047_0047.jpg 1 34 16 47 47
0152_0013_0007_0060_0060.jpg 1 13 7 60 60
0153_0014_0008_0043_0043.jpg 1 14 8 43 43
0154_0024_0022_0046_0046.jpg 1 24 22 46 46
0155_0037_0015_0046_0046.jpg 1 37 15 46 46
0156_0031_0045_0039_0039.jpg 1 31 45 39 39
0157_0010_0053_0029_0029.jpg 1 10 53 29 29
0158_0041_0063_0024_0024.jpg 1 41 63 24 24
0159_0019_0048_0039_0039.jpg 1 19 48 39 39
0160_0035_0031_0054_0054.jpg 1 35 31 54 54
0161_0023_0056_0027_0027.jpg 1 23 56 27 27
0162_0010_0028_0065_0065.jpg 1 10 28 65 65
0163_0019_0024_0061_0061.jpg 1 19 24 61 61
0164_0013_0005_0055_0055.jpg 1 13 5 55 55
0165_0010_0025_0063_0063.jpg 1 10 25 63 63
0166_0004_0014_0052_0052.jpg 1 4 14 52 52
0167_0019_0031_0059_0059.jpg 1 19 31 59 59
0168_0008_0012_0057_0057.jpg 1 8 12 57 57
0169_0009_0013_0065_0065.jpg 1 9 13 65 65
0170_0011_0008_0033_0033.jpg 1 11 8 33 33
0171_0051_0041_0034_0034.jpg 1 51 41 34 34
0172_0013_0013_0063_0063.jpg 1 13 13 63 63
0173_0027_0011_0055_0055.jpg 1 27 11 55 55
0174_0013_0011_0041_0041.jpg 1 13 11 41 41
0175_0052_0045_0037_0037.jpg 1 52 45 37 37
0176_0024_0017_0068_0068.jpg 1 24 17 68 68
0177_0004_0022_0060_0060.jpg 1 4 22 60 60
0178_0037_0030_0051_0051.jpg 1 37 30 51 51
0179_0020_0026_0049_0049.jpg 1 20 26 49 49
0180_0053_0028_0040_0040.jpg 1 53 28 40 40
0181_0022_0004_0059_0059.jpg 1 22 4 59 59
0182_0023_0021_0042_0042.jpg 1 23 21 42 42
0183_0052_0030_0026_0026.jpg 1 52 30 26 26
0184_0010_0031_0031_0031.jpg 1 10 31 31 31
0185_0029_0033_0032_0032.jpg 1 29 33 32 32
0186_0028_0004_0067_0067.jpg 1 28 4 67 67
0187_0019_0055_0036_0036.jpg 1 19 55 36 36
0188_0039_0051_0025_0025.jpg 1 39 51 25 25
0189_0059_0027_0027_0027.jpg 1 59 27 27 27
0190_0053_0042_0029_0029.jpg 1 53 42 29 29
0191_0042_0014_0042_0042.jpg 1 42 14 42 42
0192_0038_0037_0056_0056.jpg 1 38 37 56 56
0193_0014_0039_0052_0052.jpg 1 14 39 52 52
0194_0033_0020_0045_0045.jpg 1 33 20 45 45
0195_0021_0007_0059_0059.jpg 1 21 7 59 59
0196_0013_0037_0025_0025.jpg 1 13 37 25 25
0197_0014_0031_0048_0048.jpg 1 14 31 48 48
0198_0058_0015_0024_0024.jpg 1 58 15 24 24
0199_0035_0038_0029_0029.jpg 1 35 38 29 29
0200_0009_0033_0056_0056.jpg 1 9 33 56 56
0201_0007_0021_0061_0061.jpg 1 7 21 61 61
0202_0039_0039_0026_0026.jpg 1 39 39 26 26
0203_0049_0026_0038_0038.jpg 1 49 26 38 38
0204_0050_0032_0042_0042.jpg 1 50 32 42 42
0205_0027_0009_0058_0058.jpg 1 27 9 58 58
0206_0005_0017_0060_0060.jpg 1 5 17 60 60
0207_0025_0058_0031_0031.jpg 1 25 58 31 31
0208_0013_0038_0056_0056.jpg 1 13 38 56 56
0209_0047_0017_0028_0028.jpg 1 47 17 28 28
0210_0026_0026_0069_0069.jpg 1 26 26 69 69
0211_0048_0014_0031_0031.jpg 1 48 14 31 31
0212_0043_0015_0041_0041.jpg 1 43 15 41 41
0213_0006_0005_0069_0069.jpg 1 6 5 69 69
0214_0066_0061_0026_0026.jpg 1 66 61 26 26
0215_0039_0035_0050_0050.jpg 1 39 35 50 50
0216_0009_0012_0057_0057.jpg 1 9 12 57 57
0217_0029_0019_0032_0032.jpg 1 29 19 32 32
0218_0043_0061_0029_0029.jpg 1 43 61 29 29
0219_0032_0032_0060_0060.jpg 1 32 32 60 60
0220_0033_0066_0024_0024.jpg 1 33 66 24 24
0221_0033_0010_0040_0040.jpg 1 33 10 40 40
0222_0004_0031_0062_0062.jpg 1 4 31 62 62
0223_0017_0025_0045_0045.jpg 1 17 25 45 45
0224_0020_0022_0065_0065.jpg 1 20 22 65 65
0225_0062_0024_0030_0030.jpg 1 62 24 30 30
0226_0013_0008_0048_0048.jpg 1 13 8 48 48
0227_0051_0018_0034_0034.jpg 1 51 18 34 34
0228_0023_0009_0042_0042.jpg 1 23 9 42 42
0229_0021_0007_0057_0057.jpg 1 21 7 57 57
0230_0005_0022_0057_0057.jpg 1 5 22 57 57
0231_0020_0008_0062_0062.jpg 1 20 8 62 62
0232_0006_0021_0064_0064.jpg 1 6 21 64 64
0233_0026_0017_0068_0068.jpg 1 26 17 68 68
0234_0024_0034_0049_0049.jpg 1 24 34 49 49
0235_0011_0005_0044_0044.jpg 1 11 5 44 44
0236_0005_0009_0065_0065.jpg 1 5 9 65 65
0237_0014_0007_0053_0053.jpg 1 14 7 53 53
0238_0050_0048_0037_0037.jpg 1 50 48 37 37
0239_0008_0045_0033_0033.jpg 1 8 45 33 33
0240_0009_0028_0037_0037.jpg 1 9 28 37 37
0241_0006_0015_0049_0049.jpg 1 6 15 49 49
0242_0013_0013_0060_0060.jpg 1 13 13 60 60
0243_0035_0038_0052_0052.jpg 1 35 38 52 52
0244_0023_0027_0063_0063.jpg 1 23 27 63 63
0245_0015_0020_0067_0067.jpg 1 15 20 67 67
0246_0024_0033_0042_0042.jpg 1 24 33 42 42
0247_0025_0047_0026_0026.jpg 1 25 47 26 26
0248_0004_0010_0058_0058.jpg 1 4 10 58 58
0249_0035_0023_0033_0033.jpg 1 35 23 33 33
0250_0013_0028_0027_0027.jpg 1 13 28 27 27
0251_0027_0019_0052_0052.jpg 1 27 19 52 52
0252_0014_0023_0053_0053.jpg 1 14 23 53 53
0253_0041_0008_0054_0054.jpg 1 41 8 54 54
0254_0018_0016_0047_0047.jpg 1 18 16 47 47
0255_0017_0008_0047_0047.jpg 1 17 8 47 47
0256_0025_0006_0066_0066.jpg 1 25 6 66 66
0257_0020_0031_0049_0049.jpg 1 20 31 49 49
0258_0025_0038_0056_0056.jpg 1 25 38 56 56
0259_0010_0008_0045_0045.jpg 1 10 8 45 45
0260_0037_0033_0040_0040.jpg 1 37 33 40 40
0261_0053_0047_0024_0024.jpg 1 53 47 24 24
0262_0027_0012_0068_0068.jpg 1 27 12 68 68
0263_0012_0031_0029_0029.jpg 1 12 31 29 29
0264_0025_0005_0068_0068.jpg 1 25 5 68 68
0265_0009_0009_0054_0054.jpg 1 9 9 54 54
0266_0033_0011_0055_0055.jpg 1 33 11 55 55
0267_0050_0045_0027_0027.jpg 1 50 45 27 27
0268_0017_0016_0062_0062.jpg 1 17 16 62 62
0269_0048_0044_0028_0028.jpg 1 48 44 28 28
0270_0013_0049_0039_0039.jpg 1 13 49 39 39
0271_0022_0011_0058_0058.jpg 1 22 11 58 58
0272_0027_0032_0055_0055.jpg 1 27 32 55 55
0273_0038_0044_0033_0033.jpg 1 38 44 33 33
0274_0020_0018_0034_0034.jpg 1 20 18 34 34
0275_0011_0019_0041_0041.jpg 1 11 19 41 41
0276_0025_0006_0059_0059.jpg 1 25 6 59 59
0277_0043_0032_0048_0048.jpg 1 43 32 48 48
0278_0049_0013_0033_0033.jpg 1 49 13 33 33
0279_0008_0056_0030_0030.jpg 1 8 56 30 30
0280_0005_0012_0069_0069.jpg 1 5 12 69 69
0281_0047_0026_0025_0025.jpg 1 47 26 25 25
0282_0066_0055_0024_0024.jpg 1 66 55 24 24
0283_0041_0053_0034_0034.jpg 1 41 53 34 34
0284_0035_0014_0040_0040.jpg 1 35 14 40 40
0285_0030_0033_0061_0061.jpg 1 30 33 61 61
0286_0021_0027_0047_0047.jpg 1 21 27 47 47
0287_0036_0009_0026_0026.jpg 1 36 9 26 26
0288_0030_0043_0034_0034.jpg 1 30 43 34 34
0289_0007_0020_0041_0041.jpg 1 7 20 41 41
0290_0016_0022_0064_0064.jpg 1 16 22 64 64
0291_0048_0017_0025_0025.jpg 1 48 17 25 25
0292_0029_0005_0056_0056.jpg 1 29 5 56 56
0293_0017_0008_0065_0065.jpg 1 17 8 65 65
0294_0019_0011_0068_0068.jpg 1 19 11 68 68
0295_0043_0020_0043_0043.jpg 1 43 20 43 43
0296_0045_0010_0046_0046.jpg 1 45 10 46 46
0297_0011_0043_0026_0026.jpg 1 11 43 26 26
0298_0007_0020_0066_0066.jpg 1 7 20 66 66
0299_0009_0024_0059_0059.jpg 1 9 24 59 59
0300_0010_0036_0041_0041.jpg 1 10 36 41 41
0301_0058_0030_0026_0026.jpg 1 58 30 26 26
0302_0038_0042_0038_0038.jpg 1 38 42 38 38
0303_0015_0026_0064_0064.jpg 1 15 26 64 64
0304_0026_0028_0058_0058.jpg 1 26 28 58 58
0305_0028_0046_0039_0039.jpg 1 28 46 39 39
0306_0045_0028_0047_0047.jpg 1 45 28 47 47
0307_0019_0007_0034_0034.jpg 1 19 7 34 34
0308_0027_0024_0068_0068.jpg 1 27 24 68 68
0309_0025_0060_0024_0024.jpg 1 25 60 24 24
0310_0017_0022_0053_0053.jpg 1 17 22 53 53
0311_0005_0032_0061_0061.jpg 1 5 32 61 61
0312_0048_0053_0026_0026.jpg 1 48 53 26 26
0313_0062_0031_0030_0030.jpg 1 62 31 30 30
0314_0020_0019_0034_0034.jpg 1 20 19 34 34
0315_0027_0032_0045_0045.jpg 1 27 32 45 45
0316_0052_0052_0038_0038.jpg 1 52 52 38 38
0317_0009_0023_0065_0065.jpg 1 9 23 65 65
0318_0045_0039_0036_0036.jpg 1 45 39 36 36
0319_0021_0026_0050_0050.jpg 1 21 26 50 50
0320_0026_0023_0063_0063.jpg 1 26 23 63 63
0321_0040_0033_0051_0051.jpg 1 40 33 51 51
0322_0037_0022_0044_0044.jpg 1 37 22 44 44
0323_0016_0050_0036_0036.jpg 1 16 50 36 36
0324_0027_0018_0039_0039.jpg 1 27 18 39 39
0325_0027_0008_0069_0069.jpg 1 27 8 69 69
0326_0035_0020_0043_0043.jpg 1 35 20 43 43
0327_0022_0008_0055_0055.jpg 1 22 8 55 55
0328_0013_0021_0066_0066.jpg 1 13 21 66 66
0329_0050_0014_0031_0031.jpg 1 50 14 31 31
0330_0018_0021_0039_0039.jpg 1 18 21 39 39
0331_0052_0014_0030_0030.jpg 1 52 14 30 30
0332_0033_0028_0057_0057.jpg 1 33 28 57 57
0333_0009_0045_0036_0036.jpg 1 9 45 36 36
0334_0030_0025_0039_0039.jpg 1 30 25 39 39
0335_0030_0026_0046_0046.jpg 1 30 26 46 46
0336_0019_0025_0041_0041.jpg 1 19 25 41 41
0337_0037_0044_0037_0037.jpg 1 37 44 37 37
0338_0058_0029_0035_0035.jpg 1 58 29 35 35
0339_0022_0023_0064_0064.jpg 1 22 23 64 64
0340_0036_0027_0051_0051.jpg 1 36 27 51 51
0341_0027_0008_0051_0051.jpg 1 27 8 51 51
0342_0020_0016_0067_0067.jpg 1 20 16 67 67
0343_0027_0012_0069_0069.jpg 1 27 12 69 69
0344_0036_0024_0040_0040.jpg 1 36 24 40 40
0345_0019_0004_0067_0067.jpg 1 19 4 67 67
0346_0038_0024_0045_0045.jpg 1 38 24 45 45
0347_0010_0055_0028_0028.jpg 1 10 55 28 28
0348_0053_0056_0027_0027.jpg 1 53 56 27 27
0349_0020_0028_0051_0051.jpg 1 20 28 51 51
0350_0016_0019_0050_0050.jpg 1 16 19 50 50
0351_0010_0041_0049_0049.jpg 1 10 41 49 49
0352_0017_0041_0052_0052.jpg 1 17 41 52 52
0353_0045_0012_0049_0049.jpg 1 45 12 49 49
0354_0023_0048_0032_0032.jpg 1 23 48 32 32
0355_0023_0017_0024_0024.jpg 1 23 17 24 24
0356_0021_0041_0036_0036.jpg 1 21 41 36 36
0357_0007_0040_0032_0032.jpg 1 7 40 32 32
0358_0038_0007_0043_0043.jpg 1 38 7 43 43
0359_0021_0023_0069_0069.jpg 1 21 23 69 69
0360_0010_0041_0024_0024.jpg 1 10 41 24 24
0361_0023_0022_0053_0053.jpg 1 23 22 53 53
0362_0023_0018_0043_0043.jpg 1 23 18 43 43
0363_0021_0024_0060_0060.jpg 1 21 24 60 60
0364_0012_0010_0062_0062.jpg 1 12 10 62 62
0365_0050_0033_0041_0041.jpg 1 50 33 41 41
0366_0017_0021_0043_0043.jpg 1 17 21 43 43
0367_0024_0007_0066_0066.jpg 1 24 7 66 66
0368_0050_0016_0031_0031.jpg 1 50 16 31 31
0369_0012_0012_0057_0057.jpg 1 12 12 57 57
0370_0049_0031_0029_0029.jpg 1 49 31 29 29
0371_0004_0008_0056_0056.jpg 1 4 8 56 56
0372_0033_0012_0052_0052.jpg 1 33 12 52 52
0373_0018_0031_0058_0058.jpg 1 18 31 58 58
0374_0029_0037_0030_0030.jpg 1 29 37 30 30
0375_0009_0018_0025_0025.jpg 1 9 18 25 25
0376_0016_0011_0062_0062.jpg 1 16 11 62 62
0377_0021_0037_0035_0035.jpg 1 21 37 35 35
0378_0031_0021_0043_0043.jpg 1 31 21 43 43
0379_0052_0054_0024_0024.jpg 1 52 54 24 24
0380_0014_0031_0045_0045.jpg 1 14 31 45 45
0381_0038_0050_0029_0029.jpg 1 38 50 29 29
0382_0013_0038_0042_0042.jpg 1 13 38 42 42
0383_0036_0015_0057_0057.jpg 1 36 15 57 57
0384_0019_0027_0058_0058.jpg 1 19 27 58 58
0385_0020_0017_0047_0047.jpg 1 20 17 47 47
0386_0014_0008_0056_0056.jpg 1 14 8 56 56
0387_0013_0048_0025_0025.jpg 1 13 48 25 25
0388_0004_0015_0064_0064.jpg 1 4 15 64 64
0389_0027_0063_0027_0027.jpg 1 27 63 27 27
0390_0026_0017_0024_0024.jpg 1 26 17 24 24
0391_0007_0046_0038_0038.jpg 1 7 46 38 38
0392_0026_0018_0040_0040.jpg 1 26 18 40 40
0393_0008_0024_0061_0061.jpg 1 8 24 61 61
0394_0022_0011_0058_0058.jpg 1 22 11 58 58
0395_0027_0007_0035_0035.jpg 1 27 7 35 35
0396_0024_0010_0029_0029.jpg 1 24 10 29 29
0397_0035_0025_0060_0060.jpg 1 35 25 60 60
0398_0054_0011_0035_0035.jpg 1 54 11 35 35
0399_0042_0010_0049_0049.jpg 1 42 10 49 49
0400_0012_0007_0035_0035.jpg 1 12 7 35 35
0401_0011_0008_0030_0030.jpg 1 11 8 30 30
0402_0025_0029_0044_0044.jpg 1 25 29 44 44
0403_0021_0023_0066_0066.jpg 1 21 23 66 66
0404_0031_0033_0054_0054.jpg 1 31 33 54 54
0405_0038_0015_0055_0055.jpg 1 38 15 55 55
0406_0046_0019_0044_0044.jpg 1 46 19 44 44
0407_0046_0020_0029_0029.jpg 1 46 20 29 29
0408_0039_0037_0050_0050.jpg 1 39 37 50 50
0409_0028_0022_0047_0047.jpg 1 28 22 47 47
0410_0045_0053_0031_0031.jpg 1 45 53 31 31
0411_0022_0010_0056_0056.jpg 1 22 10 56 56
0412_0027_0024_0031_0031.jpg 1 27 24 31 31
0413_0014_0029_0054_0054.jpg 1 14 29 54 54
0414_0055_0027_0027_0027.jpg 1 55 27 27 27
0415_0009_0007_0053_0053.jpg 1 9 7 53 53
0416_0031_0060_0029_0029.jpg 1 31 60 29 29
0417_0046_0042_0042_0042.jpg 1 46 42 42 42
0418_0014_0037_0048_0048.jpg 1 14 37 48 48
0419_0007_0021_0045_0045.jpg 1 7 21 45 45
0420_0009_0025_0068_0068.jpg 1 9 25 68 68
0421_0021_0045_0049_0049.jpg 1 21 45 49 49
0422_0027_0007_0068_0068.jpg 1 27 7 68 68
0423_0065_0029_0026_0026.jpg 1 65 29 26 26
0424_0011_0047_0025_0025.jpg 1 11 47 25 25
0425_0029_0021_0050_0050.jpg 1 29 21 50 50
0426_0051_0027_0039_0039.jpg 1 51 27 39 39
0427_0028_0020_0056_0056.jpg 1 28 20 56 56
0428_0014_0033_0028_0028.jpg 1 14 33 28 28
0429_0016_0011_0049_0049.jpg 1 16 11 49 49
0430_0021_0016_0064_0064.jpg 1 21 16 64 64
0431_0021_0018_0062_0062.jpg 1 21 18 62 62
0432_0017_0015_0063_0063.jpg 1 17 15 63 63
0433_0026_0007_0055_0055.jpg 1 26 7 55 55
0434_0028_0023_0048_0048.jpg 1 28 23 48 48
0435_0004_0008_0066_0066.jpg 1 4 8 66 66
0436_0008_0012_0069_0069.jpg 1 8 12 69 69
0437_0061_0025_0024_0024.jpg 1 61 25 24 24
0438_0014_0010_0052_0052.jpg 1 14 10 52 52
0439_0031_0027_0046_0046.jpg 1 31 27 46 46
0440_0039_0041_0031_0031.jpg 1 39 41 31 31
0441_0031_0029_0054_0054.jpg 1 31 29 54 54
0442_0024_0036_0050_0050.jpg 1 24 36 50 50
0443_0018_0045_0032_0032.jpg 1 18 45 32 32
0444_0025_0017_0069_0069.jpg 1 25 17 69 69
0445_0010_0006_0056_0056.jpg 1 10 6 56 56
0446_0040_0009_0044_0044.jpg 1 40 9 44 44
0447_0027_0049_0032_0032.jpg 1 27 49 32 32
0448_0005_0025_0048_0048.jpg 1 5 25 48 48
0449_0025_0042_0037_0037.jpg 1 25 42 37 37
0450_0053_0038_0030_0030.jpg 1 53 38 30 30
0451_0022_0026_0043_0043.jpg 1 22 26 43 43
0452_0009_0018_0065_0065.jpg 1 9 18 65 65
0453_0020_0056_0033_0033.jpg 1 20 56 33 33
0454_0029_0038_0033_0033.jpg 1 29 38 33 33
0455_0019_0008_0061_0061.jpg 1 19 8 61 61
0456_0024_0008_0038_0038.jpg 1 24 8 38 38
0457_0023_0009_0060_0060.jpg 1 23 9 60 60
0458_0023_0020_0062_0062.jpg 1 23 20 62 62
0459_0016_0014_0060_0060.jpg 1 16 14 60 60
0460_0038_0050_0043_0043.jpg 1 38 50 43 43
0461_0056_0039_0029_0029.jpg 1 56 39 29 29
0462_0016_0032_0038_0038.jpg 1 16 32 38 38
0463_0050_0025_0033_0033.jpg 1 50 25 33 33
0464_0033_0008_0057_0057.jpg 1 33 8 57 57
0465_0022_0010_0069_0069.jpg 1 22 10 69 69
0466_0040_0041_0035_0035.jpg 1 40 41 35 35
0467_0008_0014_0063_0063.jpg 1 8 14 63 63
0468_0052_0052_0040_0040.jpg 1 52 52 40 40
0469_0025_0006_0054_0054.jpg 1 25 6 54 54
0470_0010_0038_0045_0045.jpg 1 10 38 45 45
0471_0035_0027_0054_0054.jpg 1 35 27 54 54
0472_0061_0058_0030_0030.jpg 1 61 58 30 30
0473_0057_0015_0024_0024.jpg 1 57 15 24 24
0474_0018_0016_0043_0043.jpg 1 18 16 43 43
0475_0019_0022_0061_0061.jpg 1 19 22 61 61
0476_0011_0019_0026_0026.jpg 1 11 19 26 26
0477_0028_0021_0045_0045.jpg 1 28 21 45 45
0478_0050_0034_0033_0033.jpg 1 50 34 33 33
0479_0008_0006_0055_0055.jpg 1 8 6 55 55
0480_0021_0029_0039_0039.jpg 1 21 29 39 39
0481_0037_0049_0031_0031.jpg 1 37 49 31 31
0482_0029_0020_0052_0052.jpg 1 29 20 52 52
0483_0032_0039_0055_0055.jpg 1 32 39 55 55
0484_0049_0009_0042_0042.jpg 1 49 9 42 42
0485_0005_0022_0053_0053.jpg 1 5 22 53 53
0486_0046_0020_0048_0048.jpg 1 46 20 48 48
0487_0027_0021_0057_0057.jpg 1 27 21 57 57
0488_0026_0032_0061_0061.jpg 1 26 32 61 61
0489_0027_0044_0048_0048.jpg 1 27 44 48 48
0490_0006_0016_0061_0061.jpg 1 6 16 61 61
0491_0038_0035_0045_0045.jpg 1 38 35 45 45
0492_0049_0023_0032_0032.jpg 1 49 23 32 32
0493_0007_0014_0033_0033.jpg 1 7 14 33 33
0494_0032_0060_0026_0026.jpg 1 32 60 26 26
0495_0010_0020_0044_0044.jpg 1 10 20 44 44
0496_0013_0018_0060_0060.jpg 1 13 18 60 60
0497_0017_0008_0064_0064.jpg 1 17 8 64 64
0498_0010_0011_0047_0047.jpg 1 10 11 47 47
0499_0005_0021_0058_0058.jpg 1 5 21 58 58
0500_0004_0005_0056_0056.jpg 1 4 5 56 56
0501_0006_0045_0038_0038.jpg 1 6 45 38 38
0502_0013_0012_0065_0065.jpg 1 13 12 65 65
0503_0015_0013_0032_0032.jpg 1 15 13 32 32
0504_0014_0011_0053_0053.jpg 1 14 11 53 53
0505_0030_0020_0050_0050.jpg 1 30 20 50 50
0506_0006_0010_0063_0063.jpg 1 6 10 63 63
0507_0037_0011_0030_0030.jpg 1 37 11 30 30
0508_0026_0010_0030_0030.jpg 1 26 10 30 30
0509_0007_0035_0028_0028.jpg 1 7 35 28 28
0510_0040_0032_0029_0029.jpg 1 40 32 29 29
0511_0019_0038_0055_0055.jpg 1 19 38 55 55
0512_0029_0033_0041_0041.jpg 1 29 33 41 41
0513_0046_0042_0032_0032.jpg 1 46 42 32 32
0514_0012_0007_0056_0056.jpg 1 12 7 56 56
0515_0036_0035_0056_0056.jpg 1 36 35 56 56
0516_0024_0028_0064_0064.jpg 1 24 28 64 64
0517_0035_0031_0039_0039.jpg 1 35 31 39 39
0518_0027_0010_0059_0059.jpg 1 27 10 59 59
0519_0042_0031_0050_0050.jpg 1 42 31 50 50
0520_0004_0030_0052_0052.jpg 1 4 30 52 52
0521_0032_0007_0063_0063.jpg 1 32 7 63 63
0522_0041_0039_0030_0030.jpg 1 41 39 30 30
0523_0003_0020_0068_0068.jpg 1 3 20 68 68
0524_0025_0056_0028_0028.jpg 1 25 56 28 28
0525_0033_0032_0047_0047.jpg 1 33 32 47 47
0526_0024_0038_0040_0040.jpg 1 24 38 40 40
0527_0034_0025_0032_0032.jpg 1 34 25 32 32
0528_0008_0033_0048_0048.jpg 1 8 33 48 48
0529_0043_0043_0032_0032.jpg 1 43 43 32 32
0530_0026_0014_0061_0061.jpg 1 26 14 61 61
0531_0028_0015_0062_0062.jpg 1 28 15 62 62
0532_0035_0036_0029_0029.jpg 1 35 36 29 29
0533_0043_0010_0044_0044.jpg 1 43 10 44 44
0534_0057_0032_0029_0029.jpg 1 57 32 29 29
0535_0024_0037_0047_0047.jpg 1 24 37 47 47
0536_0008_0027_0049_0049.jpg 1 8 27 49 49
0537_0029_0031_0055_0055.jpg 1 29 31 55 55
0538_0033_0016_0060_0060.jpg 1 33 16 60 60
0539_0018_0026_0063_0063.jpg 1 18 26 63 63
0540_0043_0043_0032_0032.jpg 1 43 43 32 32
0541_0056_0014_0034_0034.jpg 1 56 14 34 34
0542_0028_0047_0032_0032.jpg 1 28 47 32 32
0543_0051_0024_0040_0040.jpg 1 51 24 40 40
0544_0023_0014_0031_0031.jpg 1 23 14 31 31
0545_0023_0014_0061_0061.jpg 1 23 14 61 61
0546_0008_0036_0045_0045.jpg 1 8 36 45 45
0547_0025_0019_0032_0032.jpg 1 25 19 32 32
0548_0018_0031_0038_0038.jpg 1 18 31 38 38
0549_0007_0030_0057_0057.jpg 1 7 30 57 57
0550_0011_0024_0065_0065.jpg 1 11 24 65 65
0551_0031_0030_0056_0056.jpg 1 31 30 56 56
0552_0012_0008_0041_0041.jpg 1 12 8 41 41
0553_0039_0035_0026_0026.jpg 1 39 35 26 26
0554_0029_0017_0045_0045.jpg 1 29 17 45 45
0555_0015_0007_0034_0034.jpg 1 15 7 34 34
0556_0061_0065_0026_0026.jpg 1 61 65 26 26
0557_0019_0034_0057_0057.jpg 1 19 34 57 57
0558_0017_0010_0058_0058.jpg 1 17 10 58 58
0559_0014_0011_0050_0050.jpg 1 14 11 50 50
0560_0054_0028_0028_0028.jpg 1 54 28 28 28
0561_0028_0047_0036_0036.jpg 1 28 47 36 36
0562_0006_0050_0041_0041.jpg 1 6 50 41 41
0563_0053_0023_0029_0029.jpg 1 53 23 29 29
0564_0019_0030_0033_0033.jpg 1 19 30 33 33
0565_0030_0025_0059_0059.jpg 1 30 25 59 59
0566_0034_0036_0056_0056.jpg 1 34 36 56 56
0567_0009_0021_0034_0034.jpg 1 9 21 34 34
0568_0032_0018_0050_0050.jpg 1 32 18 50 50
0569_0049_0051_0036_0036.jpg 1 49 51 36 36
0570_0021_0010_0035_0035.jpg 1 21 10 35 35
0571_0033_0033_0047_0047.jpg 1 33 33 47 47
0572_0027_0037_0046_0046.jpg 1 27 37 46 46
0573_0022_0032_0044_0044.jpg 1 22 32 44 44
0574_0040_0014_0044_0044.jpg 1 40 14 44 44
0575_0016_0031_0063_0063.jpg 1 16 31 63 63
0576_0016_0034_0058_0058.jpg 1 16 34 58 58
0577_0019_0019_0045_0045.jpg 1 19 19 45 45
0578_0028_0025_0065_0065.jpg 1 28 25 65 65
0579_0014_0049_0039_0039.jpg 1 14 49 39 39
0580_0003_0013_0065_0065.jpg 1 3 13 65 65
0581_0031_0024_0059_0059.jpg 1 31 24 59 59
0582_0038_0034_0035_0035.jpg 1 38 34 35 35
0583_0025_0019_0044_0044.jpg 1 25 19 44 44
0584_0007_0026_0051_0051.jpg 1 7 26 51 51
0585_0028_0021_0056_0056.jpg 1 28 21 56 56
0586_0024_0015_0050_0050.jpg 1 24 15 50 50
0587_0007_0030_0037_0037.jpg 1 7 30 37 37
0588_0046_0045_0047_0047.jpg 1 46 45 47 47
0589_0011_0018_0042_0042.jpg 1 11 18 42 42
0590_0025_0043_0032_0032.jpg 1 25 43 32 32
0591_0014_0039_0033_0033.jpg 1 14 39 33 33
0592_0025_0006_0052_0052.jpg 1 25 6 52 52
0593_0008_0028_0056_0056.jpg 1 8 28 56 56
0594_0051_0007_0033_0033.jpg 1 51 7 33 33
0595_0040_0020_0054_0054.jpg 1 40 20 54 54
0596_0017_0013_0065_0065.jpg 1 17 13 65 65
0597_0009_0017_0066_0066.jpg 1 9 17 66 66
0598_0033_0030_0053_0053.jpg 1 33 30 53 53
0599_0009_0027_0052_0052.jpg 1 9 27 52 52
0600_0035_0021_0024_0024.jpg 1 35 21 24 24
0601_0008_0030_0059_0059.jpg 1 8 30 59 59
0602_0009_0038_0038_0038.jpg 1 9 38 38 38
0603_0017_0004_0056_0056.jpg 1 17 4 56 56
0604_0007_0025_0056_0056.jpg 1 7 25 56 56
0605_0059_0012_0030_0030.jpg 1 59 12 30 30
0606_0015_0004_0053_0053.jpg 1 15 4 53 53
0607_0057_0052_0029_0029.jpg 1 57 52 29 29
0608_0060_0030_0029_0029.jpg 1 60 30 29 29
0609_0008_0014_0054_0054.jpg 1 8 14 54 54
0610_0019_0028_0057_0057.jpg 1 19 28 57 57
0611_0040_0021_0033_0033.jpg 1 40 21 33 33
0612_0024_0008_0060_0060.jpg 1 24 8 60 60
0613_0023_0012_0038_0038.jpg 1 23 12 38 38
0614_0032_0026_0064_0064.jpg 1 32 26 64 64
0615_0024_0030_0040_0040.jpg 1 24 30 40 40
0616_0029_0025_0047_0047.jpg 1 29 25 47 47
0617_0029_0020_0063_0063.jpg 1 29 20 63 63
0618_0029_0055_0038_0038.jpg 1 29 55 38 38
0619_0013_0009_0028_0028.jpg 1 13 9 28 28
0620_0056_0049_0024_0024.jpg 1 56 49 24 24
0621_0067_0033_0024_0024.jpg 1 67 33 24 24
0622_0050_0046_0036_0036.jpg 1 50 46 36 36
0623_0008_0059_0026_0026.jpg 1 8 59 26 26
0624_0028_0040_0041_0041.jpg 1 28 40 41 41
0625_0015_0028_0066_0066.jpg 1 15 28 66 66
0626_0054_0042_0039_0039.jpg 1 54 42 39 39
0627_0021_0048_0039_0039.jpg 1 21 48 39 39
0628_0026_0021_0035_0035.jpg 1 26 21 35 35
0629_0043_0021_0049_0049.jpg 1 43 21 49 49
0630_0046_0015_0046_0046.jpg 1 46 15 46 46
0631_0012_0020_0045_0045.jpg 1 12 20 45 45
0632_0041_0026_0050_0050.jpg 1 41 26 50 50
0633_0041_0036_0024_0024.jpg 1 41 36 24 24
0634_0017_0021_0062_0062.jpg 1 17 21 62 62
0635_0011_0009_0037_0037.jpg 1 11 9 37 37
0636_0017_0009_0047_0047.jpg 1 17 9 47 47
0637_0016_0057_0024_0024.jpg 1 16 57 24 24
0638_0026_0014_0065_0065.jpg 1 26 14 65 65
0639_0005_0043_0043_0043.jpg 1 5 43 43 43
0640_0030_0009_0064_0064.jpg 1 30 9 64 64
0641_0017_0024_0068_0068.jpg 1 17 24 68 68
0642_0009_0039_0029_0029.jpg 1 9 39 29 29
0643_0037_0030_0026_0026.jpg 1 37 30 26 26
0644_0024_0029_0044_0044.jpg 1 24 29 44 44
0645_0036_0007_0038_0038.jpg 1 36 7 38 38
0646_0050_0031_0033_0033.jpg 1 50 31 33 33
0647_0014_0021_0064_0064.jpg 1 14 21 64 64
0648_0031_0016_0029_0029.jpg 1 31 16 29 29
0649_0016_0054_0024_0024.jpg 1 16 54 24 24
0650_0010_0052_0037_0037.jpg 1 10 52 37 37
0651_0027_0058_0025_0025.jpg 1 27 58 25 25
0652_0035_0037_0055_0055.jpg 1 35 37 55 55
0653_0026_0035_0044_0044.jpg 1 26 35 44 44
0654_0013_0011_0068_0068.jpg 1 13 11 68 68
0655_0017_0031_0026_0026.jpg 1 17 31 26 26
0656_0034_0045_0038_0038.jpg 1 34 45 38 38
0657_0004_0022_0061_0061.jpg 1 4 22 61 61
0658_0018_0047_0045_0045.jpg 1 18 47 45 45
0659_0040_0023_0054_0054.jpg 1 40 23 54 54
0660_0017_0025_0068_0068.jpg 1 17 25 68 68
0661_0012_0040_0043_0043.jpg 1 12 40 43 43
0662_0037_0037_0025_0025.jpg 1 37 37 25 25
0663_0009_0013_0056_0056.jpg 1 9 13 56 56
0664_0017_0034_0055_0055.jpg 1 17 34 55 55
0665_0015_0055_0034_0034.jpg 1 15 55 34 34
0666_0006_0012_0069_0069.jpg 1 6 12 69 69
0667_0011_0018_0048_0048.jpg 1 11 18 48 48
0668_0020_0008_0056_0056.jpg 1 20 8 56 56
0669_0049_0028_0041_0041.jpg 1 49 28 41 41
0670_0024_0022_0038_0038.jpg 1 24 22 38 38
0671_0010_0024_0061_0061.jpg 1 10 24 61 61
0672_0060_0058_0026_0026.jpg 1 60 58 26 26
0673_0007_0015_0040_0040.jpg 1 7 15 40 40
0674_0033_0048_0038_0038.jpg 1 33 48 38 38
0675_0014_0032_0045_0045.jpg 1 14 32 45 45
0676_0011_0035_0052_0052.jpg 1 11 35 52 52
0677_0043_0052_0039_0039.jpg 1 43 52 39 39
0678_0007_0006_0067_0067.jpg 1 7 6 67 67
0679_0009_0037_0052_0052.jpg 1 9 37 52 52
0680_0041_0046_0037_0037.jpg 1 41 46 37 37
0681_0059_0059_0033_0033.jpg 1 59 59 33 33
0682_0054_0024_0034_0034.jpg 1 54 24 34 34
0683_0022_0065_0025_0025.jpg 1 22 65 25 25
0684_0039_0037_0028_0028.jpg 1 39 37 28 28
0685_0053_0052_0035_0035.jpg 1 53 52 35 35
0686_0005_0021_0060_0060.jpg 1 5 21 60 60
0687_0007_0013_0045_0045.jpg 1 7 13 45 45
0688_0044_0020_0038_0038.jpg 1 44 20 38 38
0689_0013_0031_0037_0037.jpg 1 13 31 37 37
0690_0005_0009_0064_0064.jpg 1 5 9 64 64
0691_0024_0022_0040_0040.jpg 1 24 22 40 40
0692_0016_0020_0056_0056.jpg 1 16 20 56 56
0693_0027_0016_0051_0051.jpg 1 27 16 51 51
0694_0047_0024_0041_0041.jpg 1 47 24 41 41
0695_0033_0024_0056_0056.jpg 1 33 24 56 56
0696_0065_0032_0025_0025.jpg 1 65 32 25 25
0697_0026_0040_0051_0051.jpg 1 26 40 51 51
0698_0030_0031_0064_0064.jpg 1 30 31 64 64
0699_0013_0014_0067_0067.jpg 1 13 14 67 67
0700_0023_0029_0042_0042.jpg 1 23 29 42 42
0701_0009_0011_0029_0029.jpg 1 9 11 29 29
0702_0013_0038_0055_0055.jpg 1 13 38 55 55
0703_0011_0023_0030_0030.jpg 1 11 23 30 30
0704_0006_0033_0047_0047.jpg 1 6 33 47 47
0705_0049_0024_0044_0044.jpg 1 49 24 44 44
0706_0020_0037_0028_0028.jpg 1 20 37 28 28
0707_0007_0024_0065_0065.jpg 1 7 24 65 65
0708_0054_0018_0026_0026.jpg 1 54 18 26 26
0709_0029_0024_0063_0063.jpg 1 29 24 63 63
0710_0024_0019_0068_0068.jpg 1 24 19 68 68
0711_0034_0028_0032_0032.jpg 1 34 28 32 32
0712_0052_0053_0040_0040.jpg 1 52 53 40 40
0713_0019_0010_0049_0049.jpg 1 19 10 49 49
0714_0068_0036_0024_0024.jpg 1 68 36 24 24
0715_0020_0021_0067_0067.jpg 1 20 21 67 67
0716_0010_0009_0063_0063.jpg 1 10 9 63 63
0717_0011_0025_0063_0063.jpg 1 11 25 63 63
0718_0017_0021_0059_0059.jpg 1 17 21 59 59
0719_0020_0026_0030_0030.jpg 1 20 26 30 30
0720_0026_0029_0027_0027.jpg 1 26 29 27 27
0721_0039_0045_0030_0030.jpg 1 39 45 30 30
0722_0021_0017_0042_0042.jpg 1 21 17 42 42
0723_0008_0010_0066_0066.jpg 1 8 10 66 66
0724_0023_0040_0038_0038.jpg 1 23 40 38 38
0725_0003_0003_0066_0066.jpg 1 3 3 66 66
0726_0026_0034_0057_0057.jpg 1 26 34 57 57
0727_0034_0059_0030_0030.jpg 1 34 59 30 30
0728_0028_0032_0062_0062.jpg 1 28 32 62 62
0729_0014_0025_0061_0061.jpg 1 14 25 61 61
0730_0025_0026_0061_0061.jpg 1 25 26 61 61
0731_0045_0030_0029_0029.jpg 1 45 30 29 29
0732_0024_0004_0060_0060.jpg 1 24 4 60 60
0733_0012_0022_0034_0034.jpg 1 12 22 34 34
0734_0043_0053_0030_0030.jpg 1 43 53 30 30
0735_0029_0013_0054_0054.jpg 1 29 13 54 54
0736_0039_0032_0050_0050.jpg 1 39 32 50 50
0737_0014_0007_0037_0037.jpg 1 14 7 37 37
0738_0021_0028_0050_0050.jpg 1 21 28 50 50
0739_0058_0049_0029_0029.jpg 1 58 49 29 29
0740_0022_0035_0042_0042.jpg 1 22 35 42 42
0741_0035_0006_0054_0054.jpg 1 35 6 54 54
0742_0020_0021_0069_0069.jpg 1 20 21 69 69
0743_0030_0008_0064_0064.jpg 1 30 8 64 64
0744_0024_0020_0064_0064.jpg 1 24 20 64 64
0745_0040_0048_0026_0026.jpg 1 40 48 26 26
0746_0041_0045_0028_0028.jpg 1 41 45 28 28
0747_0017_0038_0052_0052.jpg 1 17 38 52 52
0748_0024_0007_0041_0041.jpg 1 24 7 41 41
0749_0006_0013_0064_0064.jpg 1 6 13 64 64
0750_0009_0026_0033_0033.jpg 1 9 26 33 33
0751_0049_0051_0039_0039.jpg 1 49 51 39 39
0752_0054_0050_0033_0033.jpg 1 54 50 33 33
0753_0033_0012_0054_0054.jpg 1 33 12 54 54
0754_0042_0038_0040_0040.jpg 1 42 38 40 40
0755_0050_0058_0027_0027.jpg 1 50 58 27 27
0756_0006_0004_0064_0064.jpg 1 6 4 64 64
0757_0011_0025_0035_0035.jpg 1 11 25 35 35
0758_0044_0049_0031_0031.jpg 1 44 49 31 31
0759_0036_0021_0051_0051.jpg 1 36 21 51 51
0760_0027_0012_0062_0062.jpg 1 27 12 62 62
0761_0017_0041_0033_0033.jpg 1 17 41 33 33
0762_0015_0012_0040_0040.jpg 1 15 12 40 40
0763_0005_0022_0056_0056.jpg 1 5 22 56 56
0764_0059_0015_0029_0029.jpg 1 59 15 29 29
0765_0048_0053_0037_0037.jpg 1 48 53 37 37
0766_0021_0028_0030_0030.jpg 1 21 28 30 30
0767_0063_0034_0029_0029.jpg 1 63 34 29 29
0768_0028_0034_0055_0055.jpg 1 28 34 55 55
0769_0021_0046_0044_0044.jpg 1 21 46 44 44
0770_0021_0061_0031_0031.jpg 1 21 61 31 31
0771_0022_0057_0030_0030.jpg 1 22 57 30 30
0772_0036_0044_0040_0040.jpg 1 36 44 40 40
0773_0047_0043_0039_0039.jpg 1 47 43 39 39
0774_0036_0009_0036_0036.jpg 1 36 9 36 36
0775_0021_0043_0045_0045.jpg 1 21 43 45 45
0776_0009_0029_0065_0065.jpg 1 9 29 65 65
0777_0009_0016_0069_0069.jpg 1 9 16 69 69
0778_0045_0006_0046_0046.jpg 1 45 6 46 46
0779_0010_0008_0061_0061.jpg 1 10 8 61 61
0780_0040_0020_0032_0032.jpg 1 40 20 32 32
0781_0021_0026_0043_0043.jpg 1 21 26 43 43
0782_0025_0024_0067_0067.jpg 1 25 24 67 67
0783_0005_0009_0067_0067.jpg 1 5 9 67 67
0784_0032_0030_0057_0057.jpg 1 32 30 57 57
0785_0015_0025_0069_0069.jpg 1 15 25 69 69
0786_0017_0059_0029_0029.jpg 1 17 59 29 29
0787_0010_0029_0057_0057.jpg 1 10 29 57 57
0788_0035_0046_0028_0028.jpg 1 35 46 28 28
0789_0006_0056_0036_0036.jpg 1 6 56 36 36
0790_0034_0039_0045_0045.jpg 1 34 39 45 45
0791_0036_0006_0057_0057.jpg 1 36 6 57 57
0792_0041_0016_0031_0031.jpg 1 41 16 31 31
0793_0028_0015_0048_0048.jpg 1 28 15 48 48
0794_0032_0008_0041_0041.jpg 1 32 8 41 41
0795_0016_0017_0065_0065.jpg 1 16 17 65 65
0796_0036_0052_0040_0040.jpg 1 36 52 40 40
0797_0019_0052_0037_0037.jpg 1 19 52 37 37
0798_0020_0008_0055_0055.jpg 1 20 8 55 55
0799_0013_0020_0024_0024.jpg 1 13 20 24 24
0800_0050_0007_0032_0032.jpg 1 50 7 32 32
0801_0022_0020_0057_0057.jpg 1 22 20 57 57
0802_0019_0051_0038_0038.jpg 1 19 51 38 38
0803_0015_0050_0042_0042.jpg 1 15 50 42 42
0804_0010_0009_0049_0049.jpg 1 10 9 49 49
0805_0006_0011_0065_0065.jpg 1 6 11 65 65
0806_0047_0052_0038_0038.jpg 1 47 52 38 38
0807_0011_0024_0024_0024.jpg 1 11 24 24 24
0808_0039_0053_0029_0029.jpg 1 39 53 29 29
0809_0030_0032_0056_0056.jpg 1 30 32 56 56
0810_0023_0019_0031_0031.jpg 1 23 19 31 31
0811_0026_0027_0062_0062.jpg 1 26 27 62 62
0812_0018_0037_0034_0034.jpg 1 18 37 34 34
0813_0014_0036_0049_0049.jpg 1 14 36 49 49
0814_0032_0010_0045_0045.jpg 1 32 10 45 45
0815_0051_0054_0039_0039.jpg 1 51 54 39 39
0816_0007_0042_0042_0042.jpg 1 7 42 42 42
0817_0013_0007_0063_0063.jpg 1 13 7 63 63
0818_0018_0013_0069_0069.jpg 1 18 13 69 69
0819_0012_0021_0051_0051.jpg 1 12 21 51 51
0820_0013_0019_0052_0052.jpg 1 13 19 52 52
0821_0050_0048_0036_0036.jpg 1 50 48 36 36
0822_0019_0021_0034_0034.jpg 1 19 21 34 34
0823_0016_0019_0049_0049.jpg 1 16 19 49 49
0824_0021_0027_0041_0041.jpg 1 21 27 41 41
0825_0015_0010_0068_0068.jpg 1 15 10 68 68
0826_0046_0039_0046_0046.jpg 1 46 39 46 46
0827_0048_0026_0027_0027.jpg 1 48 26 27 27
0828_0007_0019_0069_0069.jpg 1 7 19 69 69
0829_0016_0023_0065_0065.jpg 1 16 23 65 65
0830_0022_0032_0036_0036.jpg 1 22 32 36 36
0831_0036_0041_0048_0048.jpg 1 36 41 48 48
0832_0004_0021_0065_0065.jpg 1 4 21 65 65
0833_0035_0036_0050_0050.jpg 1 35 36 50 50
0834_0018_0016_0065_0065.jpg 1 18 16 65 65
0835_0025_0030_0059_0059.jpg 1 25 30 59 59
0836_0012_0012_0054_0054.jpg 1 12 12 54 54
0837_0055_0048_0034_0034.jpg 1 55 48 34 34
0838_0011_0047_0036_0036.jpg 1 11 47 36 36
0839_0019_0038_0052_0052.jpg 1 19 38 52 52
0840_0021_0010_0054_0054.jpg 1 21 10 54 54
0841_0041_0016_0050_0050.jpg 1 41 16 50 50
0842_0021_0025_0051_0051.jpg 1 21 25 51 51
0843_0016_0019_0066_0066.jpg 1 16 19 66 66
0844_0050_0012_0038_0038.jpg 1 50 12 38 38
0845_0023_0010_0063_0063.jpg 1 23 10 63 63
0846_0019_0024_0061_0061.jpg 1 19 24 61 61
0847_0031_0007_0040_0040.jpg 1 31 7 40 40
0848_0008_0003_0068_0068.jpg 1 8 3 68 68
0849_0012_0022_0069_0069.jpg 1 12 22 69 69
0850_0012_0020_0062_0062.jpg 1 12 20 62 62
0851_0028_0003_0067_0067.jpg 1 28 3 67 67
0852_0061_0061_0030_0030.jpg 1 61 61 30 30
0853_0020_0003_0063_0063.jpg 1 20 3 63 63
0854_0031_0021_0048_0048.jpg 1 31 21 48 48
0855_0036_0018_0052_0052.jpg 1 36 18 52 52
0856_0027_0043_0050_0050.jpg 1 27 43 50 50
0857_0018_0051_0041_0041.jpg 1 18 51 41 41
0858_0012_0017_0062_0062.jpg 1 12 17 62 62
0859_0028_0009_0059_0059.jpg 1 28 9 59 59
0860_0038_0031_0046_0046.jpg 1 38 31 46 46
0861_0041_0013_0042_0042.jpg 1 41 13 42 42
0862_0020_0005_0068_0068.jpg 1 20 5 68 68
0863_0042_0032_0045_0045.jpg 1 42 32 45 45
0864_0039_0022_0045_0045.jpg 1 39 22 45 45
0865_0050_0029_0034_0034.jpg 1 50 29 34 34
0866_0029_0004_0055_0055.jpg 1 29 4 55 55
0867_0007_0031_0037_0037.jpg 1 7 31 37 37
0868_0014_0024_0039_0039.jpg 1 14 24 39 39
0869_0035_0008_0052_0052.jpg 1 35 8 52 52
0870_0045_0043_0043_0043.jpg 1 45 43 43 43
0871_0031_0009_0051_0051.jpg 1 31 9 51 51
0872_0027_0007_0061_0061.jpg 1 27 7 61 61
0873_0019_0021_0031_0031.jpg 1 19 21 31 31
0874_0017_0021_0065_0065.jpg 1 17 21 65 65
0875_0055_0037_0037_0037.jpg 1 55 37 37 37
0876_0010_0008_0069_0069.jpg 1 10 8 69 69
0877_0026_0045_0048_0048.jpg 1 26 45 48 48
0878_0034_0025_0061_0061.jpg 1 34 25 61 61
0879_0035_0039_0041_0041.jpg 1 35 39 41 41
0880_0036_0006_0044_0044.jpg 1 36 6 44 44
0881_0044_0021_0028_0028.jpg 1 44 21 28 28
0882_0033_0020_0059_0059.jpg 1 33 20 59 59
0883_0016_0047_0045_0045.jpg 1 16 47 45 45
0884_0028_0041_0027_0027.jpg 1 28 41 27 27
0885_0026_0013_0039_0039.jpg 1 26 13 39 39
0886_0053_0046_0024_0024.jpg 1 53 46 24 24
0887_0041_0039_0050_0050.jpg 1 41 39 50 50
0888_0024_0018_0030_0030.jpg 1 24 18 30 30
0889_0007_0036_0044_0044.jpg 1 7 36 44 44
0890_0014_0006_0055_0055.jpg 1 14 6 55 55
0891_0016_0046_0046_0046.jpg 1 16 46 46 46
0892_0022_0029_0066_0066.jpg 1 22 29 66 66
0893_0017_0006_0061_0061.jpg 1 17 6 61 61
0894_0026_0008_0053_0053.jpg 1 26 8 53 53
0895_0014_0005_0062_0062.jpg 1 14 5 62 62
0896_0036_0038_0056_0056.jpg 1 36 38 56 56
0897_0009_0025_0049_0049.jpg 1 9 25 49 49
0898_0021_0036_0055_0055.jpg 1 21 36 55 55
0899_0014_0040_0045_0045.jpg 1 14 40 45 45
0900_0057_0017_0036_0036.jpg 1 57 17 36 36
0901_0015_0021_0062_0062.jpg 1 15 21 62 62
0902_0017_0026_0056_0056.jpg 1 17 26 56 56
0903_0017_0028_0062_0062.jpg 1 17 28 62 62
0904_0016_0044_0028_0028.jpg 1 16 44 28 28
0905_0029_0015_0065_0065.jpg 1 29 15 65 65
0906_0003_0024_0066_0066.jpg 1 3 24 66 66
0907_0037_0060_0032_0032.jpg 1 37 60 32 32
0908_0010_0036_0033_0033.jpg 1 10 36 33 33
0909_0031_0039_0056_0056.jpg 1 31 39 56 56
0910_0017_0016_0066_0066.jpg 1 17 16 66 66
0911_0050_0013_0037_0037.jpg 1 50 13 37 37
0912_0035_0013_0045_0045.jpg 1 35 13 45 45
0913_0046_0017_0027_0027.jpg 1 46 17 27 27
0914_0018_0009_0066_0066.jpg 1 18 9 66 66
0915_0026_0026_0033_0033.jpg 1 26 26 33 33
0916_0006_0030_0056_0056.jpg 1 6 30 56 56
0917_0035_0018_0049_0049.jpg 1 35 18 49 49
0918_0019_0022_0066_0066.jpg 1 19 22 66 66
0919_0033_0033_0039_0039.jpg 1 33 33 39 39
0920_0029_0013_0057_0057.jpg 1 29 13 57 57
0921_0016_0017_0065_0065.jpg 1 16 17 65 65
0922_0040_0048_0028_0028.jpg 1 40 48 28 28
0923_0053_0011_0041_0041.jpg 1 53 11 41 41
0924_0007_0004_0067_0067.jpg 1 7 4 67 67
0925_0012_0020_0040_0040.jpg 1 12 20 40 40
0926_0016_0026_0042_0042.jpg 1 16 26 42 42
0927_0035_0031_0045_0045.jpg 1 35 31 45 45
0928_0015_0031_0065_0065.jpg 1 15 31 65 65
0929_0038_0021_0024_0024.jpg 1 38 21 24 24
0930_0043_0049_0029_0029.jpg 1 43 49 29 29
0931_0050_0013_0027_0027.jpg 1 50 13 27 27
0932_0038_0009_0045_0045.jpg 1 38 9 45 45
0933_0015_0012_0067_0067.jpg 1 15 12 67 67
0934_0022_0040_0027_0027.jpg 1 22 40 27 27
0935_0025_0046_0029_0029.jpg 1 25 46 29 29
0936_0016_0034_0057_0057.jpg 1 16 34 57 57
0937_0034_0015_0037_0037.jpg 1 34 15 37 37
0938_0012_0037_0053_0053.jpg 1 12 37 53 53
0939_0014_0015_0062_0062.jpg 1 14 15 62 62
0940_0047_0021_0045_0045.jpg 1 47 21 45 45
0941_0026_0014_0048_0048.jpg 1 26 14 48 48
0942_0009_0018_0037_0037.jpg 1 9 18 37 37
0943_0037_0007_0058_0058.jpg 1 37 7 58 58
0944_0017_0035_0057_0057.jpg 1 17 35 57 57
0945_0015_0032_0056_0056.jpg 1 15 32 56 56
0946_0056_0018_0033_0033.jpg 1 56 18 33 33
0947_0027_0013_0058_0058.jpg 1 27 13 58 58
0948_0019_0020_0058_0058.jpg 1 19 20 58 58
0949_0017_0030_0039_0039.jpg 1 17 30 39 39
0950_0058_0051_0025_0025.jpg 1 58 51 25 25
0951_0004_0027_0058_0058.jpg 1 4 27 58 58
0952_0006_0026_0063_0063.jpg 1 6 26 63 63
0953_0026_0039_0051_0051.jpg 1 26 39 51 51
0954_0008_0024_0059_0059.jpg 1 8 24 59 59
0955_0032_0015_0054_0054.jpg 1 32 15 54 54
0956_0030_0010_0061_0061.jpg 1 30 10 61 61
0957_0044_0005_0050_0050.jpg 1 44 5 50 50
0958_0055_0036_0025_0025.jpg 1 55 36 25 25
0959_0005_0023_0068_0068.jpg 1 5 23 68 68
0960_0037_0024_0052_0052.jpg 1 37 24 52 52
0961_0014_0011_0061_0061.jpg 1 14 11 61 61
0962_0018_0014_0064_0064.jpg 1 18 14 64 64
0963_0051_0021_0042_0042.jpg 1 51 21 42 42
0964_0015_0059_0024_0024.jpg 1 15 59 24 24
0965_0019_0039_0045_0045.jpg 1 19 39 45 45
0966_0042_0025_0025_0025.jpg 1 42 25 25 25
0967_0019_0009_0061_0061.jpg 1 19 9 61 61
0968_0024_0019_0055_0055.jpg 1 24 19 55 55
0969_0032_0024_0054_0054.jpg 1 32 24 54 54
0970_0021_0015_0069_0069.jpg 1 21 15 69 69
0971_0015_0008_0069_0069.jpg 1 15 8 69 69
0972_0026_0029_0047_0047.jpg 1 26 29 47 47
0973_0035_0038_0041_0041.jpg 1 35 38 41 41
0974_0060_0052_0028_0028.jpg 1 60 52 28 28
0975_0033_0009_0038_0038.jpg 1 33 9 38 38
0976_0059_0023_0024_0024.jpg 1 59 23 24 24
0977_0015_0012_0056_0056.jpg 1 15 12 56 56
0978_0056_0035_0026_0026.jpg 1 56 35 26 26
0979_0040_0009_0051_0051.jpg 1 40 9 51 51
0980_0022_0008_0065_0065.jpg 1 22 8 65 65
0981_0025_0052_0031_0031.jpg 1 25 52 31 31
0982_0042_0021_0028_0028.jpg 1 42 21 28 28
0983_0050_0021_0036_0036.jpg 1 50 21 36 36
0984_0010_0027_0055_0055.jpg 1 10 27 55 55
0985_0044_0058_0032_0032.jpg 1 44 58 32 32
0986_0009_0035_0025_0025.jpg 1 9 35 25 25
0987_0007_0014_0069_0069.jpg 1 7 14 69 69
0988_0018_0032_0058_0058.jpg 1 18 32 58 58
0989_0027_0046_0047_0047.jpg 1 27 46 47 47
0990_0011_0037_0025_0025.jpg 1 11 37 25 25
0991_0023_0033_0057_0057.jpg 1 23 33 57 57
0992_0025_0032_0058_0058.jpg 1 25 32 58 58
0993_0012_0050_0026_0026.jpg 1 12 50 26 26
0994_0004_0021_0069_0069.jpg 1 4 21 69 69
0995_0015_0045_0026_0026.jpg 1 15 45 26 26
0996_0010_0006_0054_0054.jpg 1 10 6 54 54
0997_0040_0033_0054_0054.jpg 1 40 33 54 54
0998_0022_0007_0031_0031.jpg 1 22 7 31 31
0999_0038_0039_0045_0045.jpg 1 38 39 45 45
1000_0051_0042_0032_0032.jpg 1 51 42 32 32
1001_0034_0065_0025_0025.jpg 1 34 65 25 25
1002_0007_0007_0044_0044.jpg 1 7 7 44 44
1003_0004_0009_0065_0065.jpg 1 4 9 65 65
1004_0036_0046_0026_0026.jpg 1 36 46 26 26
1005_0016_0053_0025_0025.jpg 1 16 53 25 25
1006_0027_0020_0038_0038.jpg 1 27 20 38 38
1007_0050_0031_0035_0035.jpg 1 50 31 35 35
1008_0012_0025_0060_0060.jpg 1 12 25 60 60
1009_0044_0043_0030_0030.jpg 1 44 43 30 30
1010_0046_0036_0047_0047.jpg 1 46 36 47 47
1011_0049_0012_0024_0024.jpg 1 49 12 24 24
1012_0015_0016_0059_0059.jpg 1 15 16 59 59
1013_0042_0013_0028_0028.jpg 1 42 13 28 28
1014_0015_0043_0046_0046.jpg 1 15 43 46 46
1015_0011_0018_0065_0065.jpg 1 11 18 65 65
1016_0028_0045_0043_0043.jpg 1 28 45 43 43
1017_0020_0006_0044_0044.jpg 1 20 6 44 44
1018_0028_0020_0063_0063.jpg 1 28 20 63 63
1019_0028_0027_0066_0066.jpg 1 28 27 66 66
1020_0014_0022_0060_0060.jpg 1 14 22 60 60
1021_0042_0031_0029_0029.jpg 1 42 31 29 29
1022_0039_0019_0054_0054.jpg 1 39 19 54 54
1023_0051_0031_0024_0024.jpg 1 51 31 24 24
1024_0042_0035_0043_0043.jpg 1 42 35 43 43
1025_0059_0039_0029_0029.jpg 1 59 39 29 29
1026_0023_0034_0057_0057.jpg 1 23 34 57 57
1027_0029_0046_0036_0036.jpg 1 29 46 36 36
1028_0022_0019_0059_0059.jpg 1 22 19 59 59
1029_0040_0044_0039_0039.jpg 1 40 44 39 39
1030_0026_0013_0047_0047.jpg 1 26 13 47 47
1031_0033_0026_0034_0034.jpg 1 33 26 34 34
1032_0018_0015_0028_0028.jpg 1 18 15 28 28
1033_0011_0010_0032_0032.jpg 1 11 10 32 32
1034_0009_0015_0043_0043.jpg 1 9 15 43 43
1035_0019_0031_0061_0061.jpg 1 19 31 61 61
1036_0032_0031_0062_0062.jpg 1 32 31 62 62
1037_0054_0040_0034_0034.jpg 1 54 40 34 34
1038_0003_0024_0069_0069.jpg 1 3 24 69 69
1039_0027_0008_0043_0043.jpg 1 27 8 43 43
1040_0033_0028_0062_0062.jpg 1 33 28 62 62
1041_0020_0010_0041_0041.jpg 1 20 10 41 41
1042_0017_0008_0060_0060.jpg 1 17 8 60 60
1043_0015_0012_0069_0069.jpg 1 15 12 69 69
1044_0014_0007_0064_0064.jpg 1 14 7 64 64
1045_0007_0019_0068_0068.jpg 1 7 19 68 68
1046_0051_0047_0032_0032.jpg 1 51 47 32 32
1047_0020_0058_0029_0029.jpg 1 20 58 29 29
1048_0033_0053_0028_0028.jpg 1 33 53 28 28
1049_0022_0033_0055_0055.jpg 1 22 33 55 55
1050_0026_0014_0058_0058.jpg 1 26 14 58 58
1051_0007_0023_0048_0048.jpg 1 7 23 48 48
1052_0044_0056_0036_0036.jpg 1 44 56 36 36
1053_0041_0024_0050_0050.jpg 1 41 24 50 50
1054_0005_0021_0055_0055.jpg 1 5 21 55 55
1055_0006_0024_0035_0035.jpg 1 6 24 35 35
1056_0041_0047_0037_0037.jpg 1 41 47 37 37
1057_0022_0039_0029_0029.jpg 1 22 39 29 29
1058_0032_0039_0039_0039.jpg 1 32 39 39 39
1059_0013_0025_0051_0051.jpg 1 13 25 51 51
1060_0031_0032_0057_0057.jpg 1 31 32 57 57
1061_0014_0007_0063_0063.jpg 1 14 7 63 63
1062_0020_0022_0069_0069.jpg 1 20 22 69 69
1063_0009_0021_0055_0055.jpg 1 9 21 55 55
1064_0011_0041_0046_0046.jpg 1 11 41 46 46
1065_0036_0005_0046_0046.jpg 1 36 5 46 46
1066_0005_0008_0053_0053.jpg 1 5 8 53 53
1067_0018_0021_0047_0047.jpg 1 18 21 47 47
1068_0024_0038_0053_0053.jpg 1 24 38 53 53
1069_0025_0029_0044_0044.jpg 1 25 29 44 44
1070_0028_0024_0039_0039.jpg 1 28 24 39 39
1071_0023_0008_0038_0038.jpg 1 23 8 38 38
1072_0047_0034_0046_0046.jpg 1 47 34 46 46
1073_0039_0041_0051_0051.jpg 1 39 41 51 51
1074_0030_0037_0045_0045.jpg 1 30 37 45 45
1075_0043_0066_0025_0025.jpg 1 43 66 25 25
1076_0029_0049_0037_0037.jpg 1 29 49 37 37
1077_0019_0023_0045_0045.jpg 1 19 23 45 45
1078_0031_0019_0058_0058.jpg 1 31 19 58 58
1079_0015_0022_0045_0045.jpg 1 15 22 45 45
1080_0047_0012_0025_0025.jpg 1 47 12 25 25
1081_0027_0014_0061_0061.jpg 1 27 14 61 61
1082_0030_0019_0049_0049.jpg 1 30 19 49 49
1083_0016_0035_0053_0053.jpg 1 16 35 53 53
1084_0031_0039_0052_0052.jpg 1 31 39 52 52
1085_0017_0011_0036_0036.jpg 1 17 11 36 36
1086_0034_0007_0055_0055.jpg 1 34 7 55 55
1087_0042_0030_0049_0049.jpg 1 42 30 49 49
1088_0030_0042_0048_0048.jpg 1 30 42 48 48
1089_0028_0033_0030_0030.jpg 1 28 33 30 30
1090_0031_0007_0049_0049.jpg 1 31 7 49 49
1091_0024_0009_0033_0033.jpg 1 24 9 33 33
1092_0008_0042_0050_0050.jpg 1 8 42 50 50
1093_0013_0009_0068_0068.jpg 1 13 9 68 68
1094_0034_0038_0035_0035.jpg 1 34 38 35 35
1095_0024_0017_0056_0056.jpg 1 24 17 56 56
1096_0027_0013_0065_0065.jpg 1 27 13 65 65
1097_0007_0021_0069_0069.jpg 1 7 21 69 69
1098_0048_0036_0037_0037.jpg 1 48 36 37 37
1099_0017_0011_0024_0024.jpg 1 17 11 24 24
1100_0025_0017_0065_0065.jpg 1 25 17 65 65
1101_0033_0011_0034_0034.jpg 1 33 11 34 34
1102_0026_0021_0025_0025.jpg 1 26 21 25 25
1103_0025_0005_0052_0052.jpg 1 25 5 52 52
1104_0060_0020_0029_0029.jpg 1 60 20 29 29
1105_0060_0017_0026_0026.jpg 1 60 17 26 26
1106_0037_0037_0039_0039.jpg 1 37 37 39 39
1107_0032_0027_0044_0044.jpg 1 32 27 44 44
1108_0023_0012_0068_0068.jpg 1 23 12 68 68
1109_0007_0012_0066_0066.jpg 1 7 12 66 66
1110_0051_0043_0035_0035.jpg 1 51 43 35 35
1111_0033_0018_0059_0059.jpg 1 33 18 59 59
1112_0034_0041_0048_0048.jpg 1 34 41 48 48
1113_0055_0049_0024_0024.jpg 1 55 49 24 24
1114_0028_0013_0038_0038.jpg 1 28 13 38 38
1115_0021_0011_0067_0067.jpg 1 21 11 67 67
1116_0024_0017_0061_0061.jpg 1 24 17 61 61
1117_0010_0009_0055_0055.jpg 1 10 9 55 55
1118_0003_0015_0064_0064.jpg 1 3 15 64 64
1119_0006_0014_0066_0066.jpg 1 6 14 66 66
1120_0036_0012_0052_0052.jpg 1 36 12 52 52
1121_0032_0030_0043_0043.jpg 1 32 30 43 43
1122_0025_0041_0045_0045.jpg 1 25 41 45 45
1123_0006_0016_0069_0069.jpg 1 6 16 69 69
1124_0047_0006_0044_0044.jpg 1 47 6 44 44
1125_0018_0027_0028_0028.jpg 1 18 27 28 28
1126_0011_0013_0048_0048.jpg 1 11 13 48 48
1127_0013_0007_0047_0047.jpg 1 13 7 47 47
1128_0040_0063_0024_0024.jpg 1 40 63 24 24
1129_0028_0009_0027_0027.jpg 1 28 9 27 27
1130_0036_0009_0039_0039.jpg 1 36 9 39 39
1131_0012_0004_0067_0067.jpg 1 12 4 67 67
1132_0011_0025_0059_0059.jpg 1 11 25 59 59
1133_0022_0010_0045_0045.jpg 1 22 10 45 45
1134_0026_0034_0043_0043.jpg 1 26 34 43 43
1135_0054_0042_0037_0037.jpg 1 54 42 37 37
1136_0022_0039_0056_0056.jpg 1 22 39 56 56
1137_0055_0049_0029_0029.jpg 1 55 49 29 29
1138_0006_0012_0058_0058.jpg 1 6 12 58 58
1139_0047_0027_0042_0042.jpg 1 47 27 42 42
1140_0029_0018_0028_0028.jpg 1 29 18 28 28
1141_0005_0008_0065_0065.jpg 1 5 8 65 65
1142_0019_0025_0048_0048.jpg 1 19 25 48 48
1143_0008_0011_0045_0045.jpg 1 8 11 45 45
1144_0034_0037_0049_0049.jpg 1 34 37 49 49
1145_0057_0026_0031_0031.jpg 1 57 26 31 31
1146_0008_0031_0034_0034.jpg 1 8 31 34 34
1147_0025_0023_0025_0025.jpg 1 25 23 25 25
1148_0009_0022_0054_0054.jpg 1 9 22 54 54
1149_0027_0010_0054_0054.jpg 1 27 10 54 54
1150_0013_0009_0067_0067.jpg 1 13 9 67 67
1151_0027_0008_0066_0066.jpg 1 27 8 66 66
1152_0036_0046_0048_0048.jpg 1 36 46 48 48
1153_0005_0013_0061_0061.jpg 1 5 13 61 61
1154_0027_0044_0042_0042.jpg 1 27 44 42 42
1155_0018_0020_0063_0063.jpg 1 18 20 63 63
1156_0011_0011_0060_0060.jpg 1 11 11 60 60
1157_0062_0038_0026_0026.jpg 1 62 38 26 26
1158_0037_0051_0036_0036.jpg 1 37 51 36 36
1159_0020_0023_0068_0068.jpg 1 20 23 68 68
1160_0011_0010_0056_0056.jpg 1 11 10 56 56
1161_0047_0050_0028_0028.jpg 1 47 50 28 28
1162_0017_0039_0056_0056.jpg 1 17 39 56 56
1163_0017_0050_0034_0034.jpg 1 17 50 34 34
1164_0040_0035_0047_0047.jpg 1 40 35 47 47
1165_0026_0009_0069_0069.jpg 1 26 9 69 69
1166_0016_0011_0055_0055.jpg 1 16 11 55 55
1167_0027_0026_0068_0068.jpg 1 27 26 68 68
1168_0004_0008_0066_0066.jpg 1 4 8 66 66
1169_0022_0045_0033_0033.jpg 1 22 45 33 33
1170_0010_0053_0030_0030.jpg 1 10 53 30 30
1171_0013_0020_0038_0038.jpg 1 13 20 38 38
1172_0008_0027_0025_0025.jpg 1 8 27 25 25
1173_0011_0028_0045_0045.jpg 1 11 28 45 45
1174_0024_0034_0050_0050.jpg 1 24 34 50 50
1175_0022_0019_0029_0029.jpg 1 22 19 29 29
1176_0025_0007_0069_0069.jpg 1 25 7 69 69
1177_0025_0021_0067_0067.jpg 1 25 21 67 67
1178_0007_0023_0061_0061.jpg 1 7 23 61 61
1179_0013_0043_0031_0031.jpg 1 13 43 31 31
1180_0042_0029_0051_0051.jpg 1 42 29 51 51
1181_0044_0008_0042_0042.jpg 1 44 8 42 42
1182_0023_0036_0053_0053.jpg 1 23 36 53 53
1183_0063_0058_0027_0027.jpg 1 63 58 27 27
1184_0015_0006_0067_0067.jpg 1 15 6 67 67
1185_0049_0047_0033_0033.jpg 1 49 47 33 33
1186_0046_0045_0030_0030.jpg 1 46 45 30 30
1187_0020_0060_0024_0024.jpg 1 20 60 24 24
1188_0024_0035_0060_0060.jpg 1 24 35 60 60
1189_0030_0019_0060_0060.jpg 1 30 19 60 60
1190_0005_0029_0058_0058.jpg 1 5 29 58 58
1191_0030_0006_0054_0054.jpg 1 30 6 54 54
1192_0024_0035_0037_0037.jpg 1 24 35 37 37
1193_0030_0025_0064_0064.jpg 1 30 25 64 64
1194_0017_0006_0048_0048.jpg 1 17 6 48 48
1195_0050_0039_0042_0042.jpg 1 50 39 42 42
1196_0033_0027_0055_0055.jpg 1 33 27 55 55
1197_0010_0030_0054_0054.jpg 1 10 30 54 54
1198_0016_0029_0044_0044.jpg 1 16 29 44 44
1199_0031_0029_0065_0065.jpg 1 31 29 65 65
1200_0056_0010_0034_0034.jpg 1 56 10 34 34
1201_0010_0005_0064_0064.jpg 1 10 5 64 64
1202_0034_0040_0046_0046.jpg 1 34 40 46 46
1203_0047_0011_0042_0042.jpg 1 47 11 42 42
1204_0023_0009_0065_0065.jpg 1 23 9 65 65
1205_0006_0003_0069_0069.jpg 1 6 3 69 69
1206_0011_0006_0067_0067.jpg 1 11 6 67 67
1207_0006_0033_0052_0052.jpg 1 6 33 52 52
1208_0033_0043_0028_0028.jpg 1 33 43 28 28
1209_0032_0049_0029_0029.jpg 1 32 49 29 29
1210_0042_0034_0036_0036.jpg 1 42 34 36 36
1211_0025_0007_0049_0049.jpg 1 25 7 49 49
1212_0007_0050_0035_0035.jpg 1 7 50 35 35
1213_0027_0021_0060_0060.jpg 1 27 21 60 60
1214_0026_0025_0046_0046.jpg 1 26 25 46 46
1215_0035_0028_0060_0060.jpg 1 35 28 60 60
1216_0040_0017_0036_0036.jpg 1 40 17 36 36
1217_0025_0023_0062_0062.jpg 1 25 23 62 62
1218_0005_0008_0057_0057.jpg 1 5 8 57 57
1219_0021_0010_0068_0068.jpg 1 21 10 68 68
1220_0025_0043_0040_0040.jpg 1 25 43 40 40
1221_0011_0032_0044_0044.jpg 1 11 32 44 44
1222_0021_0029_0043_0043.jpg 1 21 29 43 43
1223_0031_0026_0056_0056.jpg 1 31 26 56 56
1224_0053_0024_0040_0040.jpg 1 53 24 40 40
1225_0019_0013_0046_0046.jpg 1 19 13 46 46
1226_0014_0013_0058_0058.jpg 1 14 13 58 58
1227_0018_0029_0040_0040.jpg 1 18 29 40 40
1228_0020_0025_0043_0043.jpg 1 20 25 43 43
1229_0031_0040_0055_0055.jpg 1 31 40 55 55
1230_0049_0048_0031_0031.jpg 1 49 48 31 31
1231_0011_0013_0050_0050.jpg 1 11 13 50 50
1232_0017_0014_0059_0059.jpg 1 17 14 59 59
1233_0034_0057_0024_0024.jpg 1 34 57 24 24
1234_0010_0007_0051_0051.jpg 1 10 7 51 51
1235_0007_0035_0060_0060.jpg 1 7 35 60 60
1236_0056_0028_0034_0034.jpg 1 56 28 34 34
1237_0019_0017_0064_0064.jpg 1 19 17 64 64
1238_0026_0040_0045_0045.jpg 1 26 40 45 45
1239_0058_0012_0031_0031.jpg 1 58 12 31 31
1240_0013_0029_0055_0055.jpg 1 13 29 55 55
1241_0044_0016_0049_0049.jpg 1 44 16 49 49
1242_0038_0037_0036_0036.jpg 1 38 37 36 36
1243_0019_0018_0047_0047.jpg 1 19 18 47 47
1244_0031_0011_0035_0035.jpg 1 31 11 35 35
1245_0021_0023_0030_0030.jpg 1 21 23 30 30
1246_0044_0022_0025_0025.jpg 1 44 22 25 25
1247_0010_0010_0062_0062.jpg 1 10 10 62 62
1248_0020_0042_0024_0024.jpg 1 20 42 24 24
1249_0012_0008_0065_0065.jpg 1 12 8 65 65
1250_0007_0017_0051_0051.jpg 1 7 17 51 51
1251_0026_0006_0069_0069.jpg 1 26 6 69 69
1252_0019_0017_0059_0059.jpg 1 19 17 59 59
1253_0007_0049_0043_0043.jpg 1 7 49 43 43
1254_0035_0026_0052_0052.jpg 1 35 26 52 52
1255_0012_0030_0058_0058.jpg 1 12 30 58 58
1256_0023_0018_0069_0069.jpg 1 23 18 69 69
1257_0025_0008_0048_0048.jpg 1 25 8 48 48
1258_0016_0031_0064_0064.jpg 1 16 31 64 64
1259_0029_0018_0049_0049.jpg 1 29 18 49 49
1260_0032_0022_0037_0037.jpg 1 32 22 37 37
1261_0032_0022_0059_0059.jpg 1 32 22 59 59
1262_0006_0040_0052_0052.jpg 1 6 40 52 52
1263_0021_0022_0029_0029.jpg 1 21 22 29 29
1264_0015_0010_0055_0055.jpg 1 15 10 55 55
1265_0017_0026_0055_0055.jpg 1 17 26 55 55
1266_0016_0018_0060_0060.jpg 1 16 18 60 60
1267_0016_0056_0033_0033.jpg 1 16 56 33 33
1268_0037_0038_0049_0049.jpg 1 37 38 49 49
1269_0038_0027_0034_0034.jpg 1 38 27 34 34
1270_0020_0036_0051_0051.jpg 1 20 36 51 51
1271_0013_0016_0055_0055.jpg 1 13 16 55 55
1272_0020_0046_0042_0042.jpg 1 20 46 42 42
1273_0026_0025_0036_0036.jpg 1 26 25 36 36
1274_0016_0020_0054_0054.jpg 1 16 20 54 54
1275_0020_0009_0066_0066.jpg 1 20 9 66 66
1276_0018_0059_0031_0031.jpg 1 18 59 31 31
1277_0028_0004_0057_0057.jpg 1 28 4 57 57
1278_0029_0010_0067_0067.jpg 1 29 10 67 67
1279_0014_0014_0065_0065.jpg 1 14 14 65 65
1280_0062_0053_0025_0025.jpg 1 62 53 25 25
1281_0015_0029_0060_0060.jpg 1 15 29 60 60
1282_0044_0035_0035_0035.jpg 1 44 35 35 35
1283_0017_0022_0064_0064.jpg 1 17 22 64 64
1284_0023_0004_0066_0066.jpg 1 23 4 66 66
1285_0043_0024_0033_0033.jpg 1 43 24 33 33
1286_0044_0034_0048_0048.jpg 1 44 34 48 48
1287_0012_0013_0061_0061.jpg 1 12 13 61 61
1288_0050_0052_0041_0041.jpg 1 50 52 41 41
1289_0017_0050_0036_0036.jpg 1 17 50 36 36
1290_0021_0018_0063_0063.jpg 1 21 18 63 63
1291_0006_0013_0046_0046.jpg 1 6 13 46 46
1292_0039_0019_0031_0031.jpg 1 39 19 31 31
1293_0008_0049_0044_0044.jpg 1 8 49 44 44
1294_0027_0018_0066_0066.jpg 1 27 18 66 66
1295_0011_0016_0066_0066.jpg 1 11 16 66 66
1296_0012_0017_0058_0058.jpg 1 12 17 58 58
1297_0020_0013_0043_0043.jpg 1 20 13 43 43
1298_0015_0023_0053_0053.jpg 1 15 23 53 53
1299_0025_0036_0025_0025.jpg 1 25 36 25 25
1300_0037_0013_0056_0056.jpg 1 37 13 56 56
1301_0043_0045_0028_0028.jpg 1 43 45 28 28
1302_0024_0014_0029_0029.jpg 1 24 14 29 29
1303_0017_0022_0029_0029.jpg 1 17 22 29 29
1304_0035_0023_0041_0041.jpg 1 35 23 41 41
1305_0013_0021_0042_0042.jpg 1 13 21 42 42
1306_0019_0031_0048_0048.jpg 1 19 31 48 48
1307_0042_0015_0037_0037.jpg 1 42 15 37 37
1308_0046_0022_0043_0043.jpg 1 46 22 43 43
1309_0010_0062_0025_0025.jpg 1 10 62 25 25
1310_0014_0019_0056_0056.jpg 1 14 19 56 56
1311_0027_0008_0064_0064.jpg 1 27 8 64 64
1312_0043_0028_0024_0024.jpg 1 43 28 24 24
1313_0015_0039_0037_0037.jpg 1 15 39 37 37
1314_0037_0022_0037_0037.jpg 1 37 22 37 37
1315_0055_0045_0035_0035.jpg 1 55 45 35 35
1316_0022_0018_0059_0059.jpg 1 22 18 59 59
1317_0053_0016_0025_0025.jpg 1 53 16 25 25
1318_0035_0045_0028_0028.jpg 1 35 45 28 28
1319_0023_0021_0050_0050.jpg 1 23 21 50 50
1320_0038_0032_0052_0052.jpg 1 38 32 52 52
1321_0042_0025_0049_0049.jpg 1 42 25 49 49
1322_0015_0047_0038_0038.jpg 1 15 47 38 38
1323_0034_0041_0037_0037.jpg 1 34 41 37 37
1324_0026_0012_0064_0064.jpg 1 26 12 64 64
1325_0027_0046_0048_0048.jpg 1 27 46 48 48
1326_0011_0036_0039_0039.jpg 1 11 36 39 39
1327_0026_0025_0069_0069.jpg 1 26 25 69 69
1328_0035_0030_0060_0060.jpg 1 35 30 60 60
1329_0005_0017_0056_0056.jpg 1 5 17 56 56
1330_0044_0007_0049_0049.jpg 1 44 7 49 49
1331_0039_0020_0034_0034.jpg 1 39 20 34 34
1332_0034_0007_0055_0055.jpg 1 34 7 55 55
1333_0028_0022_0058_0058.jpg 1 28 22 58 58
1334_0021_0040_0036_0036.jpg 1 21 40 36 36
1335_0027_0034_0041_0041.jpg 1 27 34 41 41
1336_0025_0006_0052_0052.jpg 1 25 6 52 52
1337_0019_0017_0051_0051.jpg 1 19 17 51 51
1338_0006_0009_0067_0067.jpg 1 6 9 67 67
1339_0018_0006_0046_0046.jpg 1 18 6 46 46
1340_0030_0009_0047_0047.jpg 1 30 9 47 47
1341_0006_0044_0046_0046.jpg 1 6 44 46 46
1342_0023_0038_0045_0045.jpg 1 23 38 45 45
1343_0048_0059_0031_0031.jpg 1 48 59 31 31
1344_0045_0029_0040_0040.jpg 1 45 29 40 40
1345_0009_0062_0025_0025.jpg 1 9 62 25 25
1346_0033_0018_0042_0042.jpg 1 33 18 42 42
1347_0033_0013_0040_0040.jpg 1 33 13 40 40
1348_0033_0011_0042_0042.jpg 1 33 11 42 42
1349_0026_0037_0037_0037.jpg 1 26 37 37 37
1350_0033_0004_0063_0063.jpg 1 33 4 63 63
1351_0027_0006_0065_0065.jpg 1 27 6 65 65
1352_0031_0035_0038_0038.jpg 1 31 35 38 38
1353_0008_0035_0058_0058.jpg 1 8 35 58 58
1354_0032_0013_0045_0045.jpg 1 32 13 45 45
1355_0027_0017_0054_0054.jpg 1 27 17 54 54
1356_0048_0009_0041_0041.jpg 1 48 9 41 41
1357_0012_0010_0061_0061.jpg 1 12 10 61 61
1358_0031_0005_0058_0058.jpg 1 31 5 58 58
1359_0023_0023_0065_0065.jpg 1 23 23 65 65
1360_0038_0023_0030_0030.jpg 1 38 23 30 30
1361_0010_0015_0063_0063.jpg 1 10 15 63 63
1362_0013_0025_0038_0038.jpg 1 13 25 38 38
1363_0014_0003_0068_0068.jpg 1 14 3 68 68
1364_0007_0014_0053_0053.jpg 1 7 14 53 53
1365_0016_0034_0061_0061.jpg 1 16 34 61 61
1366_0007_0030_0062_0062.jpg 1 7 30 62 62
1367_0007_0005_0062_0062.jpg 1 7 5 62 62
1368_0004_0015_0062_0062.jpg 1 4 15 62 62
1369_0033_0022_0040_0040.jpg 1 33 22 40 40
1370_0052_0045_0039_0039.jpg 1 52 45 39 39
1371_0032_0032_0048_0048.jpg 1 32 32 48 48
1372_0026_0007_0060_0060.jpg 1 26 7 60 60
1373_0025_0016_0064_0064.jpg 1 25 16 64 64
1374_0028_0029_0062_0062.jpg 1 28 29 62 62
1375_0014_0004_0069_0069.jpg 1 14 4 69 69
1376_0057_0008_0026_0026.jpg 1 57 8 26 26
1377_0018_0005_0060_0060.jpg 1 18 5 60 60
1378_0039_0028_0039_0039.jpg 1 39 28 39 39
1379_0043_0039_0044_0044.jpg 1 43 39 44 44
1380_0004_0010_0068_0068.jpg 1 4 10 68 68
1381_0053_0023_0024_0024.jpg 1 53 23 24 24
1382_0024_0023_0050_0050.jpg 1 24 23 50 50
1383_0024_0009_0067_0067.jpg 1 24 9 67 67
1384_0052_0044_0032_0032.jpg 1 52 44 32 32
1385_0054_0018_0037_0037.jpg 1 54 18 37 37
1386_0026_0018_0056_0056.jpg 1 26 18 56 56
1387_0028_0050_0041_0041.jpg 1 28 50 41 41
1388_0057_0023_0024_0024.jpg 1 57 23 24 24
1389_0035_0029_0051_0051.jpg 1 35 29 51 51
1390_0008_0018_0029_0029.jpg 1 8 18 29 29
1391_0056_0010_0031_0031.jpg 1 56 10 31 31
1392_0045_0058_0033_0033.jpg 1 45 58 33 33
1393_0009_0012_0054_0054.jpg 1 9 12 54 54
1394_0009_0012_0061_0061.jpg 1 9 12 61 61
1395_0008_0016_0056_0056.jpg 1 8 16 56 56
1396_0042_0032_0049_0049.jpg 1 42 32 49 49
1397_0020_0027_0062_0062.jpg 1 20 27 62 62
1398_0052_0012_0042_0042.jpg 1 52 12 42 42
1399_0022_0038_0044_0044.jpg 1 22 38 44 44
1400_0024_0062_0030_0030.jpg 1 24 62 30 30
1401_0019_0011_0062_0062.jpg 1 19 11 62 62
1402_0020_0050_0041_0041.jpg 1 20 50 41 41
1403_0018_0004_0062_0062.jpg 1 18 4 62 62
1404_0025_0027_0060_0060.jpg 1 25 27 60 60
1405_0036_0007_0032_0032.jpg 1 36 7 32 32
1406_0054_0048_0024_0024.jpg 1 54 48 24 24
1407_0009_0004_0064_0064.jpg 1 9 4 64 64
1408_0028_0017_0035_0035.jpg 1 28 17 35 35
1409_0025_0019_0042_0042.jpg 1 25 19 42 42
1410_0038_0042_0048_0048.jpg 1 38 42 48 48
1411_0011_0041_0052_0052.jpg 1 11 41 52 52
1412_0014_0022_0048_0048.jpg 1 14 22 48 48
1413_0030_0018_0039_0039.jpg 1 30 18 39 39
1414_0020_0032_0060_0060.jpg 1 20 32 60 60
1415_0044_0028_0040_0040.jpg 1 44 28 40 40
1416_0013_0034_0041_0041.jpg 1 13 34 41 41
1417_0009_0015_0034_0034.jpg 1 9 15 34 34
1418_0045_0006_0037_0037.jpg 1 45 6 37 37
1419_0030_0018_0028_0028.jpg 1 30 18 28 28
1420_0019_0040_0041_0041.jpg 1 19 40 41 41
1421_0027_0030_0044_0044.jpg 1 27 30 44 44
1422_0005_0025_0051_0051.jpg 1 5 25 51 51
1423_0007_0025_0069_0069.jpg 1 7 25 69 69
1424_0027_0028_0067_0067.jpg 1 27 28 67 67
1425_0010_0014_0068_0068.jpg 1 10 14 68 68
1426_0041_0041_0043_0043.jpg 1 41 41 43 43
1427_0029_0028_0053_0053.jpg 1 29 28 53 53
1428_0022_0024_0068_0068.jpg 1 22 24 68 68
1429_0034_0029_0060_0060.jpg 1 34 29 60 60
1430_0033_0005_0062_0062.jpg 1 33 5 62 62
1431_0031_0012_0046_0046.jpg 1 31 12 46 46
1432_0036_0047_0046_0046.jpg 1 36 47 46 46
1433_0023_0048_0033_0033.jpg 1 23 48 33 33
1434_0016_0007_0061_0061.jpg 1 16 7 61 61
1435_0049_0056_0035_0035.jpg 1 49 56 35 35
1436_0017_0014_0025_0025.jpg 1 17 14 25 25
1437_0030_0024_0065_0065.jpg 1 30 24 65 65
1438_0014_0045_0025_0025.jpg 1 14 45 25 25
1439_0033_0030_0038_0038.jpg 1 33 30 38 38
1440_0026_0042_0049_0049.jpg 1 26 42 49 49
1441_0026_0023_0043_0043.jpg 1 26 23 43 43
1442_0022_0030_0036_0036.jpg 1 22 30 36 36
1443_0049_0010_0030_0030.jpg 1 49 10 30 30
1444_0046_0049_0044_0044.jpg 1 46 49 44 44
1445_0025_0048_0033_0033.jpg 1 25 48 33 33
1446_0049_0031_0032_0032.jpg 1 49 31 32 32
1447_0030_0006_0065_0065.jpg 1 30 6 65 65
1448_0022_0018_0024_0024.jpg 1 22 18 24 24
1449_0029_0031_0028_0028.jpg 1 29 31 28 28
1450_0010_0045_0038_0038.jpg 1 10 45 38 38
1451_0029_0010_0064_0064.jpg 1 29 10 64 64
1452_0032_0052_0031_0031.jpg 1 32 52 31 31
1453_0018_0019_0057_0057.jpg 1 18 19 57 57
1454_0032_0010_0034_0034.jpg 1 32 10 34 34
1455_0041_0036_0052_0052.jpg 1 41 36 52 52
1456_0038_0017_0053_0053.jpg 1 38 17 53 53
1457_0020_0033_0060_0060.jpg 1 20 33 60 60
1458_0018_0011_0044_0044.jpg 1 18 11 44 44
1459_0038_0057_0034_0034.jpg 1 38 57 34 34
1460_0016_0027_0063_0063.jpg 1 16 27 63 63
1461_0027_0012_0067_0067.jpg 1 27 12 67 67
1462_0016_0016_0041_0041.jpg 1 16 16 41 41
1463_0009_0012_0036_0036.jpg 1 9 12 36 36
1464_0015_0019_0056_0056.jpg 1 15 19 56 56
1465_0009_0007_0064_0064.jpg 1 9 7 64 64
1466_0011_0033_0060_0060.jpg 1 11 33 60 60
1467_0055_0057_0035_0035.jpg 1 55 57 35 35
1468_0027_0058_0029_0029.jpg 1 27 58 29 29
1469_0054_0013_0037_0037.jpg 1 54 13 37 37
1470_0056_0019_0032_0032.jpg 1 56 19 32 32
1471_0030_0004_0065_0065.jpg 1 30 4 65 65
1472_0022_0014_0046_0046.jpg 1 22 14 46 46
1473_0060_0025_0032_0032.jpg 1 60 25 32 32
1474_0007_0027_0069_0069.jpg 1 7 27 69 69
1475_0018_0054_0038_0038.jpg 1 18 54 38 38
1476_0021_0023_0046_0046.jpg 1 21 23 46 46
1477_0016_0007_0046_0046.jpg 1 16 7 46 46
1478_0031_0024_0043_0043.jpg 1 31 24 43 43
1479_0024_0020_0030_0030.jpg 1 24 20 30 30
1480_0029_0007_0037_0037.jpg 1 29 7 37 37
1481_0012_0056_0032_0032.jpg 1 12 56 32 32
1482_0017_0043_0048_0048.jpg 1 17 43 48 48
1483_0025_0018_0056_0056.jpg 1 25 18 56 56
1484_0022_0016_0036_0036.jpg 1 22 16 36 36
1485_0041_0025_0038_0038.jpg 1 41 25 38 38
1486_0035_0040_0054_0054.jpg 1 35 40 54 54
1487_0021_0064_0026_0026.jpg 1 21 64 26 26
1488_0039_0010_0046_0046.jpg 1 39 10 46 46
1489_0026_0004_0068_0068.jpg 1 26 4 68 68
1490_0020_0014_0069_0069.jpg 1 20 14 69 69
1491_0015_0013_0048_0048.jpg 1 15 13 48 48
1492_0019_0017_0048_0048.jpg 1 19 17 48 48
1493_0026_0019_0068_0068.jpg 1 26 19 68 68
1494_0048_0009_0036_0036.jpg 1 48 9 36 36
1495_0010_0018_0039_0039.jpg 1 10 18 39 39
1496_0040_0029_0046_0046.jpg 1 40 29 46 46
1497_0061_0059_0028_0028.jpg 1 61 59 28 28
1498_0009_0029_0048_0048.jpg 1 9 29 48 48
1499_0028_0032_0035_0035.jpg 1 28 32 35 35
1500_0009_0028_0047_0047.jpg 1 9 28 47 47
1501_0016_0010_0057_0057.jpg 1 16 10 57 57
1502_0039_0025_0055_0055.jpg 1 39 25 55 55
1503_0025_0008_0026_0026.jpg 1 25 8 26 26
1504_0034_0040_0026_0026.jpg 1 34 40 26 26
1505_0046_0048_0034_0034.jpg 1 46 48 34 34
1506_0034_0028_0057_0057.jpg 1 34 28 57 57
1507_0025_0023_0039_0039.jpg 1 25 23 39 39
1508_0019_0050_0037_0037.jpg 1 19 50 37 37
1509_0012_0048_0024_0024.jpg 1 12 48 24 24
1510_0016_0037_0036_0036.jpg 1 16 37 36 36
1511_0023_0019_0064_0064.jpg 1 23 19 64 64
1512_0018_0039_0033_0033.jpg 1 18 39 33 33
1513_0042_0024_0047_0047.jpg 1 42 24 47 47
1514_0029_0029_0062_0062.jpg 1 29 29 62 62
1515_0032_0026_0063_0063.jpg 1 32 26 63 63
1516_0051_0065_0026_0026.jpg 1 51 65 26 26
1517_0041_0014_0052_0052.jpg 1 41 14 52 52
1518_0036_0010_0024_0024.jpg 1 36 10 24 24
1519_0011_0061_0027_0027.jpg 1 11 61 27 27
1520_0031_0018_0059_0059.jpg 1 31 18 59 59
1521_0024_0006_0046_0046.jpg 1 24 6 46 46
1522_0063_0028_0028_0028.jpg 1 63 28 28 28
1523_0048_0050_0041_0041.jpg 1 48 50 41 41
1524_0039_0021_0056_0056.jpg 1 39 21 56 56
1525_0009_0016_0025_0025.jpg 1 9 16 25 25
1526_0005_0041_0052_0052.jpg 1 5 41 52 52
1527_0020_0038_0047_0047.jpg 1 20 38 47 47
1528_0012_0035_0059_0059.jpg 1 12 35 59 59
1529_0043_0017_0026_0026.jpg 1 43 17 26 26
1530_0012_0019_0061_0061.jpg 1 12 19 61 61
1531_0020_0005_0061_0061.jpg 1 20 5 61 61
1532_0043_0065_0026_0026.jpg 1 43 65 26 26
1533_0018_0015_0053_0053.jpg 1 18 15 53 53
1534_0018_0019_0051_0051.jpg 1 18 19 51 51
1535_0018_0014_0036_0036.jpg 1 18 14 36 36
1536_0017_0027_0052_0052.jpg 1 17 27 52 52
1537_0057_0054_0030_0030.jpg 1 57 54 30 30
1538_0038_0051_0032_0032.jpg 1 38 51 32 32
1539_0050_0051_0024_0024.jpg 1 50 51 24 24
1540_0037_0054_0027_0027.jpg 1 37 54 27 27
1541_0032_0054_0031_0031.jpg 1 32 54 31 31
1542_0015_0015_0058_0058.jpg 1 15 15 58 58
1543_0058_0047_0029_0029.jpg 1 58 47 29 29
1544_0029_0050_0024_0024.jpg 1 29 50 24 24
1545_0006_0023_0039_0039.jpg 1 6 23 39 39
1546_0010_0029_0064_0064.jpg 1 10 29 64 64
1547_0047_0011_0042_0042.jpg 1 47 11 42 42
1548_0028_0026_0038_0038.jpg 1 28 26 38 38
1549_0026_0017_0062_0062.jpg 1 26 17 62 62
1550_0011_0056_0037_0037.jpg 1 11 56 37 37
1551_0015_0009_0054_0054.jpg 1 15 9 54 54
1552_0047_0017_0029_0029.jpg 1 47 17 29 29
1553_0031_0026_0040_0040.jpg 1 31 26 40 40
1554_0009_0034_0033_0033.jpg 1 9 34 33 33
1555_0017_0025_0045_0045.jpg 1 17 25 45 45
1556_0009_0005_0058_0058.jpg 1 9 5 58 58
1557_0014_0018_0063_0063.jpg 1 14 18 63 63
1558_0033_0036_0052_0052.jpg 1 33 36 52 52
1559_0040_0019_0051_0051.jpg 1 40 19 51 51
1560_0019_0025_0043_0043.jpg 1 19 25 43 43
1561_0028_0052_0037_0037.jpg 1 28 52 37 37
1562_0014_0006_0066_0066.jpg 1 14 6 66 66
1563_0035_0041_0050_0050.jpg 1 35 41 50 50
1564_0017_0007_0060_0060.jpg 1 17 7 60 60
1565_0020_0016_0049_0049.jpg 1 20 16 49 49
1566_0034_0008_0034_0034.jpg 1 34 8 34 34
1567_0056_0007_0028_0028.jpg 1 56 7 28 28
1568_0031_0046_0035_0035.jpg 1 31 46 35 35
1569_0013_0012_0045_0045.jpg 1 13 12 45 45
1570_0020_0015_0067_0067.jpg 1 20 15 67 67
1571_0029_0008_0058_0058.jpg 1 29 8 58 58
1572_0057_0045_0033_0033.jpg 1 57 45 33 33
1573_0025_0037_0052_0052.jpg 1 25 37 52 52
1574_0030_0008_0025_0025.jpg 1 30 8 25 25
1575_0052_0018_0025_0025.jpg 1 52 18 25 25
1576_0023_0007_0028_0028.jpg 1 23 7 28 28
1577_0012_0009_0054_0054.jpg 1 12 9 54 54
1578_0012_0029_0050_0050.jpg 1 12 29 50 50
1579_0022_0014_0036_0036.jpg 1 22 14 36 36
1580_0021_0015_0042_0042.jpg 1 21 15 42 42
1581_0036_0055_0037_0037.jpg 1 36 55 37 37
1582_0007_0039_0055_0055.jpg 1 7 39 55 55
1583_0006_0018_0048_0048.jpg 1 6 18 48 48
1584_0006_0039_0055_0055.jpg 1 6 39 55 55
1585_0028_0017_0039_0039.jpg 1 28 17 39 39
1586_0043_0049_0037_0037.jpg 1 43 49 37 37
1587_0013_0036_0054_0054.jpg 1 13 36 54 54
1588_0035_0045_0041_0041.jpg 1 35 45 41 41
1589_0005_0044_0046_0046.jpg 1 5 44 46 46
1590_0003_0012_0061_0061.jpg 1 3 12 61 61
1591_0024_0025_0064_0064.jpg 1 24 25 64 64
1592_0005_0017_0053_0053.jpg 1 5 17 53 53
1593_0037_0007_0053_0053.jpg 1 37 7 53 53
1594_0006_0048_0034_0034.jpg 1 6 48 34 34
1595_0031_0012_0051_0051.jpg 1 31 12 51 51
1596_0026_0007_0065_0065.jpg 1 26 7 65 65
1597_0013_0014_0064_0064.jpg 1 13 14 64 64
1598_0053_0053_0024_0024.jpg 1 53 53 24 24
1599_0021_0028_0031_0031.jpg 1 21 28 31 31
1600_0032_0039_0049_0049.jpg 1 32 39 49 49
1601_0014_0036_0032_0032.jpg 1 14 36 32 32
1602_0020_0010_0035_0035.jpg 1 20 10 35 35
1603_0012_0058_0024_0024.jpg 1 12 58 24 24
1604_0029_0028_0036_0036.jpg 1 29 28 36 36
1605_0035_0025_0047_0047.jpg 1 35 25 47 47
1606_0021_0040_0054_0054.jpg 1 21 40 54 54
1607_0061_0054_0027_0027.jpg 1 61 54 27 27
1608_0027_0025_0051_0051.jpg 1 27 25 51 51
1609_0013_0028_0055_0055.jpg 1 13 28 55 55
1610_0037_0024_0046_0046.jpg 1 37 24 46 46
1611_0027_0016_0066_0066.jpg 1 27 16 66 66
1612_0029_0035_0059_0059.jpg 1 29 35 59 59
1613_0019_0029_0043_0043.jpg 1 19 29 43 43
1614_0030_0007_0031_0031.jpg 1 30 7 31 31
1615_0005_0023_0059_0059.jpg 1 5 23 59 59
1616_0022_0010_0048_0048.jpg 1 22 10 48 48
1617_0021_0050_0035_0035.jpg 1 21 50 35 35
1618_0012_0028_0059_0059.jpg 1 12 28 59 59
1619_0030_0007_0043_0043.jpg 1 30 7 43 43
1620_0023_0004_0066_0066.jpg 1 23 4 66 66
1621_0056_0029_0036_0036.jpg 1 56 29 36 36
1622_0010_0020_0069_0069.jpg 1 10 20 69 69
1623_0037_0012_0058_0058.jpg 1 37 12 58 58
1624_0006_0027_0041_0041.jpg 1 6 27 41 41
1625_0023_0033_0059_0059.jpg 1 23 33 59 59
1626_0035_0024_0052_0052.jpg 1 35 24 52 52
1627_0052_0035_0027_0027.jpg 1 52 35 27 27
1628_0027_0042_0053_0053.jpg 1 27 42 53 53
1629_0042_0015_0049_0049.jpg 1 42 15 49 49
1630_0018_0047_0032_0032.jpg 1 18 47 32 32
1631_0014_0005_0069_0069.jpg 1 14 5 69 69
1632_0005_0011_0060_0060.jpg 1 5 11 60 60
1633_0006_0011_0065_0065.jpg 1 6 11 65 65
1634_0031_0043_0049_0049.jpg 1 31 43 49 49
1635_0027_0013_0037_0037.jpg 1 27 13 37 37
1636_0025_0017_0057_0057.jpg 1 25 17 57 57
1637_0022_0007_0057_0057.jpg 1 22 7 57 57
1638_0022_0028_0060_0060.jpg 1 22 28 60 60
1639_0055_0048_0037_0037.jpg 1 55 48 37 37
1640_0019_0004_0061_0061.jpg 1 19 4 61 61
1641_0034_0034_0046_0046.jpg 1 34 34 46 46
1642_0062_0059_0029_0029.jpg 1 62 59 29 29
1643_0005_0013_0067_0067.jpg 1 5 13 67 67
1644_0016_0028_0061_0061.jpg 1 16 28 61 61
1645_0035_0032_0036_0036.jpg 1 35 32 36 36
1646_0018_0008_0037_0037.jpg 1 18 8 37 37
1647_0027_0022_0066_0066.jpg 1 27 22 66 66
1648_0035_0016_0049_0049.jpg 1 35 16 49 49
1649_0021_0028_0054_0054.jpg 1 21 28 54 54
1650_0063_0037_0024_0024.jpg 1 63 37 24 24
1651_0007_0005_0051_0051.jpg 1 7 5 51 51
1652_0031_0021_0057_0057.jpg 1 31 21 57 57
1653_0028_0029_0037_0037.jpg 1 28 29 37 37
1654_0019_0059_0030_0030.jpg 1 19 59 30 30
1655_0024_0046_0040_0040.jpg 1 24 46 40 40
1656_0045_0043_0039_0039.jpg 1 45 43 39 39
1657_0040_0023_0049_0049.jpg 1 40 23 49 49
1658_0023_0014_0063_0063.jpg 1 23 14 63 63
1659_0003_0020_0066_0066.jpg 1 3 20 66 66
1660_0013_0028_0050_0050.jpg 1 13 28 50 50
1661_0011_0018_0049_0049.jpg 1 11 18 49 49
1662_0027_0005_0050_0050.jpg 1 27 5 50 50
1663_0024_0011_0050_0050.jpg 1 24 11 50 50
1664_0037_0018_0034_0034.jpg 1 37 18 34 34
1665_0047_0028_0028_0028.jpg 1 47 28 28 28
1666_0031_0018_0061_0061.jpg 1 31 18 61 61
1667_0015_0019_0039_0039.jpg 1 15 19 39 39
1668_0007_0026_0029_0029.jpg 1 7 26 29 29
1669_0012_0019_0065_0065.jpg 1 12 19 65 65
1670_0027_0008_0052_0052.jpg 1 27 8 52 52
1671_0022_0028_0047_0047.jpg 1 22 28 47 47
1672_0020_0015_0064_0064.jpg 1 20 15 64 64
1673_0048_0025_0036_0036.jpg 1 48 25 36 36
1674_0030_0053_0028_0028.jpg 1 30 53 28 28
1675_0042_0015_0030_0030.jpg 1 42 15 30 30
1676_0028_0014_0064_0064.jpg 1 28 14 64 64
1677_0040_0013_0047_0047.jpg 1 40 13 47 47
1678_0019_0020_0062_0062.jpg 1 19 20 62 62
1679_0026_0020_0063_0063.jpg 1 26 20 63 63
1680_0016_0011_0054_0054.jpg 1 16 11 54 54
1681_0028_0029_0045_0045.jpg 1 28 29 45 45
1682_0026_0043_0051_0051.jpg 1 26 43 51 51
1683_0009_0055_0030_0030.jpg 1 9 55 30 30
1684_0019_0028_0043_0043.jpg 1 19 28 43 43
1685_0028_0023_0065_0065.jpg 1 28 23 65 65
1686_0023_0016_0054_0054.jpg 1 23 16 54 54
1687_0040_0026_0026_0026.jpg 1 40 26 26 26
1688_0045_0017_0044_0044.jpg 1 45 17 44 44
1689_0039_0025_0055_0055.jpg 1 39 25 55 55
1690_0040_0049_0026_0026.jpg 1 40 49 26 26
1691_0029_0040_0054_0054.jpg 1 29 40 54 54
1692_0029_0027_0038_0038.jpg 1 29 27 38 38
1693_0050_0028_0037_0037.jpg 1 50 28 37 37
1694_0060_0017_0032_0032.jpg 1 60 17 32 32
1695_0037_0016_0046_0046.jpg 1 37 16 46 46
1696_0014_0013_0059_0059.jpg 1 14 13 59 59
1697_0054_0029_0025_0025.jpg 1 54 29 25 25
1698_0030_0016_0055_0055.jpg 1 30 16 55 55
1699_0020_0028_0043_0043.jpg 1 20 28 43 43
1700_0039_0057_0033_0033.jpg 1 39 57 33 33
1701_0052_0025_0040_0040.jpg 1 52 25 40 40
1702_0012_0036_0051_0051.jpg 1 12 36 51 51
1703_0029_0007_0055_0055.jpg 1 29 7 55 55
1704_0052_0029_0033_0033.jpg 1 52 29 33 33
1705_0017_0005_0061_0061.jpg 1 17 5 61 61
1706_0035_0006_0056_0056.jpg 1 35 6 56 56
1707_0008_0035_0053_0053.jpg 1 8 35 53 53
1708_0013_0009_0042_0042.jpg 1 13 9 42 42
1709_0047_0024_0039_0039.jpg 1 47 24 39 39
1710_0038_0028_0045_0045.jpg 1 38 28 45 45
1711_0040_0008_0047_0047.jpg 1 40 8 47 47
1712_0010_0028_0046_0046.jpg 1 10 28 46 46
1713_0008_0039_0048_0048.jpg 1 8 39 48 48
1714_0013_0022_0065_0065.jpg 1 13 22 65 65
1715_0026_0045_0031_0031.jpg 1 26 45 31 31
1716_0029_0038_0049_0049.jpg 1 29 38 49 49
1717_0020_0029_0036_0036.jpg 1 20 29 36 36
1718_0022_0022_0069_0069.jpg 1 22 22 69 69
1719_0017_0024_0064_0064.jpg 1 17 24 64 64
1720_0006_0010_0060_0060.jpg 1 6 10 60 60
1721_0048_0043_0038_0038.jpg 1 48 43 38 38
1722_0051_0040_0031_0031.jpg 1 51 40 31 31
1723_0013_0054_0039_0039.jpg 1 13 54 39 39
1724_0010_0021_0068_0068.jpg 1 10 21 68 68
1725_0033_0041_0029_0029.jpg 1 33 41 29 29
1726_0014_0021_0068_0068.jpg 1 14 21 68 68
1727_0014_0005_0055_0055.jpg 1 14 5 55 55
1728_0030_0007_0047_0047.jpg 1 30 7 47 47
1729_0026_0019_0060_0060.jpg 1 26 19 60 60
1730_0012_0014_0065_0065.jpg 1 12 14 65 65
1731_0034_0028_0047_0047.jpg 1 34 28 47 47
1732_0014_0050_0034_0034.jpg 1 14 50 34 34
1733_0030_0035_0036_0036.jpg 1 30 35 36 36
1734_0041_0012_0048_0048.jpg 1 41 12 48 48
1735_0022_0020_0059_0059.jpg 1 22 20 59 59
1736_0011_0018_0025_0025.jpg 1 11 18 25 25
1737_0053_0018_0036_0036.jpg 1 53 18 36 36
1738_0016_0012_0067_0067.jpg 1 16 12 67 67
1739_0053_0025_0029_0029.jpg 1 53 25 29 29
1740_0025_0007_0031_0031.jpg 1 25 7 31 31
1741_0035_0004_0060_0060.jpg 1 35 4 60 60
1742_0011_0030_0036_0036.jpg 1 11 30 36 36
1743_0019_0021_0044_0044.jpg 1 19 21 44 44
1744_0030_0006_0064_0064.jpg 1 30 6 64 64
1745_0031_0008_0039_0039.jpg 1 31 8 39 39
1746_0055_0050_0036_0036.jpg 1 55 50 36 36
1747_0010_0045_0036_0036.jpg 1 10 45 36 36
1748_0013_0010_0054_0054.jpg 1 13 10 54 54
1749_0026_0016_0067_0067.jpg 1 26 16 67 67
1750_0011_0030_0053_0053.jpg 1 11 30 53 53
1751_0005_0027_0051_0051.jpg 1 5 27 51 51
1752_0014_0022_0048_0048.jpg 1 14 22 48 48
1753_0031_0019_0048_0048.jpg 1 31 19 48 48
1754_0016_0018_0066_0066.jpg 1 16 18 66 66
1755_0045_0010_0044_0044.jpg 1 45 10 44 44
1756_0030_0031_0028_0028.jpg 1 30 31 28 28
1757_0058_0060_0027_0027.jpg 1 58 60 27 27
1758_0017_0009_0049_0049.jpg 1 17 9 49 49
1759_0045_0031_0038_0038.jpg 1 45 31 38 38
1760_0029_0007_0062_0062.jpg 1 29 7 62 62
1761_0010_0004_0067_0067.jpg 1 10 4 67 67
1762_0038_0037_0032_0032.jpg 1 38 37 32 32
1763_0004_0015_0064_0064.jpg 1 4 15 64 64
1764_0016_0029_0059_0059.jpg 1 16 29 59 59
1765_0007_0032_0047_0047.jpg 1 7 32 47 47
1766_0010_0052_0040_0040.jpg 1 10 52 40 40
1767_0028_0053_0028_0028.jpg 1 28 53 28 28
1768_0007_0013_0064_0064.jpg 1 7 13 64 64
1769_0014_0030_0052_0052.jpg 1 14 30 52 52
1770_0043_0050_0038_0038.jpg 1 43 50 38 38
1771_0031_0037_0056_0056.jpg 1 31 37 56 56
1772_0051_0030_0038_0038.jpg 1 51 30 38 38
1773_0052_0016_0041_0041.jpg 1 52 16 41 41
1774_0007_0021_0028_0028.jpg 1 7 21 28 28
1775_0016_0042_0040_0040.jpg 1 16 42 40 40
1776_0010_0006_0067_0067.jpg 1 10 6 67 67
1777_0010_0034_0041_0041.jpg 1 10 34 41 41
1778_0032_0018_0063_0063.jpg 1 32 18 63 63
1779_0032_0030_0026_0026.jpg 1 32 30 26 26
1780_0032_0014_0060_0060.jpg 1 32 14 60 60
1781_0005_0033_0048_0048.jpg 1 5 33 48 48
1782_0020_0010_0055_0055.jpg 1 20 10 55 55
1783_0006_0020_0055_0055.jpg 1 6 20 55 55
1784_0057_0026_0035_0035.jpg 1 57 26 35 35
1785_0010_0012_0068_0068.jpg 1 10 12 68 68
1786_0034_0013_0043_0043.jpg 1 34 13 43 43
1787_0032_0022_0063_0063.jpg 1 32 22 63 63
1788_0029_0013_0063_0063.jpg 1 29 13 63 63
1789_0005_0038_0050_0050.jpg 1 5 38 50 50
1790_0010_0011_0052_0052.jpg 1 10 11 52 52
1791_0008_0005_0051_0051.jpg 1 8 5 51 51
1792_0006_0032_0038_0038.jpg 1 6 32 38 38
1793_0024_0026_0067_0067.jpg 1 24 26 67 67
1794_0012_0035_0025_0025.jpg 1 12 35 25 25
1795_0037_0028_0051_0051.jpg 1 37 28 51 51
1796_0029_0041_0032_0032.jpg 1 29 41 32 32
1797_0011_0053_0024_0024.jpg 1 11 53 24 24
1798_0025_0010_0061_0061.jpg 1 25 10 61 61
1799_0039_0051_0034_0034.jpg 1 39 51 34 34
1800_0008_0022_0040_0040.jpg 1 8 22 40 40
1801_0008_0041_0040_0040.jpg 1 8 41 40 40
1802_0039_0027_0035_0035.jpg 1 39 27 35 35
1803_0067_0013_0024_0024.jpg 1 67 13 24 24
1804_0033_0032_0034_0034.jpg 1 33 32 34 34
1805_0031_0037_0045_0045.jpg 1 31 37 45 45
1806_0045_0053_0035_0035.jpg 1 45 53 35 35
1807_0010_0050_0038_0038.jpg 1 10 50 38 38
1808_0019_0017_0039_0039.jpg 1 19 17 39 39
1809_0022_0015_0063_0063.jpg 1 22 15 63 63
1810_0033_0007_0032_0032.jpg 1 33 7 32 32
1811_0005_0012_0060_0060.jpg 1 5 12 60 60
1812_0016_0038_0033_0033.jpg 1 16 38 33 33
1813_0018_0038_0041_0041.jpg 1 18 38 41 41
1814_0029_0008_0057_0057.jpg 1 29 8 57 57
1815_0015_0036_0056_0056.jpg 1 15 36 56 56
1816_0035_0012_0055_0055.jpg 1 35 12 55 55
1817_0008_0039_0027_0027.jpg 1 8 39 27 27
1818_0027_0007_0034_0034.jpg 1 27 7 34 34
1819_0016_0040_0047_0047.jpg 1 16 40 47 47
1820_0045_0012_0038_0038.jpg 1 45 12 38 38
1821_0014_0020_0065_0065.jpg 1 14 20 65 65
1822_0020_0031_0055_0055.jpg 1 20 31 55 55
1823_0038_0008_0049_0049.jpg 1 38 8 49 49
1824_0035_0019_0046_0046.jpg 1 35 19 46 46
1825_0022_0013_0054_0054.jpg 1 22 13 54 54
1826_0011_0020_0063_0063.jpg 1 11 20 63 63
1827_0016_0005_0066_0066.jpg 1 16 5 66 66
1828_0012_0019_0059_0059.jpg 1 12 19 59 59
1829_0032_0036_0056_0056.jpg 1 32 36 56 56
1830_0024_0018_0059_0059.jpg 1 24 18 59 59
1831_0008_0030_0032_0032.jpg 1 8 30 32 32
1832_0045_0054_0027_0027.jpg 1 45 54 27 27
1833_0010_0011_0058_0058.jpg 1 10 11 58 58
1834_0022_0030_0028_0028.jpg 1 22 30 28 28
1835_0031_0043_0040_0040.jpg 1 31 43 40 40
1836_0010_0031_0026_0026.jpg 1 10 31 26 26
1837_0037_0026_0052_0052.jpg 1 37 26 52 52
1838_0030_0065_0024_0024.jpg 1 30 65 24 24
1839_0038_0012_0027_0027.jpg 1 38 12 27 27
1840_0004_0007_0067_0067.jpg 1 4 7 67 67
1841_0025_0040_0053_0053.jpg 1 25 40 53 53
1842_0040_0024_0047_0047.jpg 1 40 24 47 47
1843_0028_0010_0064_0064.jpg 1 28 10 64 64
1844_0003_0018_0066_0066.jpg 1 3 18 66 66
1845_0015_0027_0062_0062.jpg 1 15 27 62 62
1846_0041_0022_0047_0047.jpg 1 41 22 47 47
1847_0003_0011_0068_0068.jpg 1 3 11 68 68
1848_0015_0006_0055_0055.jpg 1 15 6 55 55
1849_0018_0039_0042_0042.jpg 1 18 39 42 42
1850_0062_0028_0031_0031.jpg 1 62 28 31 31
1851_0040_0025_0041_0041.jpg 1 40 25 41 41
1852_0005_0019_0059_0059.jpg 1 5 19 59 59
1853_0048_0042_0033_0033.jpg 1 48 42 33 33
1854_0052_0035_0037_0037.jpg 1 52 35 37 37
1855_0013_0043_0032_0032.jpg 1 13 43 32 32
1856_0015_0016_0032_0032.jpg 1 15 16 32 32
1857_0021_0013_0061_0061.jpg 1 21 13 61 61
1858_0043_0031_0052_0052.jpg 1 43 31 52 52
1859_0061_0035_0031_0031.jpg 1 61 35 31 31
1860_0042_0007_0049_0049.jpg 1 42 7 49 49
1861_0024_0019_0060_0060.jpg 1 24 19 60 60
1862_0032_0010_0055_0055.jpg 1 32 10 55 55
1863_0026_0007_0068_0068.jpg 1 26 7 68 68
1864_0052_0028_0026_0026.jpg 1 52 28 26 26
1865_0008_0015_0052_0052.jpg 1 8 15 52 52
1866_0033_0017_0058_0058.jpg 1 33 17 58 58
1867_0050_0028_0035_0035.jpg 1 50 28 35 35
1868_0022_0032_0048_0048.jpg 1 22 32 48 48
1869_0046_0008_0034_0034.jpg 1 46 8 34 34
1870_0040_0015_0033_0033.jpg 1 40 15 33 33
1871_0012_0044_0033_0033.jpg 1 12 44 33 33
1872_0025_0009_0052_0052.jpg 1 25 9 52 52
1873_0011_0012_0035_0035.jpg 1 11 12 35 35
1874_0006_0023_0057_0057.jpg 1 6 23 57 57
1875_0009_0043_0037_0037.jpg 1 9 43 37 37
1876_0010_0016_0066_0066.jpg 1 10 16 66 66
1877_0035_0035_0059_0059.jpg 1 35 35 59 59
1878_0004_0006_0055_0055.jpg 1 4 6 55 55
1879_0004_0008_0069_0069.jpg 1 4 8 69 69
1880_0040_0020_0049_0049.jpg 1 40 20 49 49
1881_0014_0007_0068_0068.jpg 1 14 7 68 68
1882_0019_0018_0051_0051.jpg 1 19 18 51 51
1883_0042_0050_0042_0042.jpg 1 42 50 42 42
1884_0064_0021_0025_0025.jpg 1 64 21 25 25
1885_0040_0008_0050_0050.jpg 1 40 8 50 50
1886_0050_0053_0040_0040.jpg 1 50 53 40 40
1887_0007_0036_0051_0051.jpg 1 7 36 51 51
1888_0010_0045_0038_0038.jpg 1 10 45 38 38
1889_0011_0025_0059_0059.jpg 1 11 25 59 59
1890_0034_0017_0027_0027.jpg 1 34 17 27 27
1891_0007_0019_0030_0030.jpg 1 7 19 30 30
1892_0063_0055_0029_0029.jpg 1 63 55 29 29
1893_0037_0018_0030_0030.jpg 1 37 18 30 30
1894_0031_0038_0048_0048.jpg 1 31 38 48 48
1895_0009_0010_0062_0062.jpg 1 9 10 62 62
1896_0013_0029_0047_0047.jpg 1 13 29 47 47
1897_0050_0026_0025_0025.jpg 1 50 26 25 25
1898_0036_0040_0035_0035.jpg 1 36 40 35 35
1899_0014_0029_0062_0062.jpg 1 14 29 62 62
1900_0006_0034_0060_0060.jpg 1 6 34 60 60
1901_0015_0012_0043_0043.jpg 1 15 12 43 43
1902_0035_0026_0025_0025.jpg 1 35 26 25 25
1903_0034_0009_0025_0025.jpg 1 34 9 25 25
1904_0014_0030_0054_0054.jpg 1 14 30 54 54
1905_0032_0008_0038_0038.jpg 1 32 8 38 38
1906_0026_0006_0043_0043.jpg 1 26 6 43 43
1907_0010_0018_0028_0028.jpg 1 10 18 28 28
1908_0010_0044_0031_0031.jpg 1 10 44 31 31
1909_0033_0026_0057_0057.jpg 1 33 26 57 57
1910_0042_0010_0030_0030.jpg 1 42 10 30 30
1911_0023_0047_0036_0036.jpg 1 23 47 36 36
1912_0015_0031_0064_0064.jpg 1 15 31 64 64
1913_0004_0032_0057_0057.jpg 1 4 32 57 57
1914_0008_0035_0044_0044.jpg 1 8 35 44 44
1915_0021_0032_0031_0031.jpg 1 21 32 31 31
1916_0042_0041_0045_0045.jpg 1 42 41 45 45
1917_0045_0009_0031_0031.jpg 1 45 9 31 31
1918_0009_0027_0039_0039.jpg 1 9 27 39 39
1919_0051_0015_0033_0033.jpg 1 51 15 33 33
1920_0027_0023_0064_0064.jpg 1 27 23 64 64
1921_0017_0021_0035_0035.jpg 1 17 21 35 35
1922_0056_0019_0031_0031.jpg 1 56 19 31 31
1923_0032_0044_0046_0046.jpg 1 32 44 46 46
1924_0009_0057_0029_0029.jpg 1 9 57 29 29
1925_0022_0019_0057_0057.jpg 1 22 19 57 57
1926_0042_0048_0043_0043.jpg 1 42 48 43 43
1927_0030_0024_0044_0044.jpg 1 30 24 44 44
1928_0018_0036_0044_0044.jpg 1 18 36 44 44
1929_0033_0028_0033_0033.jpg 1 33 28 33 33
1930_0020_0016_0059_0059.jpg 1 20 16 59 59
1931_0039_0033_0030_0030.jpg 1 39 33 30 30
1932_0025_0015_0069_0069.jpg 1 25 15 69 69
1933_0020_0030_0054_0054.jpg 1 20 30 54 54
1934_0030_0010_0059_0059.jpg 1 30 10 59 59
1935_0043_0008_0032_0032.jpg 1 43 8 32 32
1936_0008_0052_0041_0041.jpg 1 8 52 41 41
1937_0024_0015_0031_0031.jpg 1 24 15 31 31
1938_0041_0032_0049_0049.jpg 1 41 32 49 49
1939_0013_0036_0045_0045.jpg 1 13 36 45 45
1940_0020_0036_0041_0041.jpg 1 20 36 41 41
1941_0016_0027_0045_0045.jpg 1 16 27 45 45
1942_0010_0015_0060_0060.jpg 1 10 15 60 60
1943_0012_0042_0052_0052.jpg 1 12 42 52 52
1944_0014_0019_0035_0035.jpg 1 14 19 35 35
1945_0051_0035_0027_0027.jpg 1 51 35 27 27
1946_0015_0023_0025_0025.jpg 1 15 23 25 25
1947_0045_0031_0042_0042.jpg 1 45 31 42 42
1948_0008_0025_0040_0040.jpg 1 8 25 40 40
1949_0055_0054_0026_0026.jpg 1 55 54 26 26
1950_0027_0040_0048_0048.jpg 1 27 40 48 48
