0001_0025_0024_0062_0062.jpg 1 25 24 62 62
0002_0011_0021_0069_0069.jpg 1 11 21 69 69
0003_0033_0031_0028_0028.jpg 1 33 31 28 28
0004_0013_0027_0069_0069.jpg 1 13 27 69 69
0005_0031_0008_0042_0042.jpg 1 31 8 42 42
0006_0050_0021_0024_0024.jpg 1 50 21 24 24
0007_0010_0036_0042_0042.jpg 1 10 36 42 42
0008_0018_0026_0067_0067.jpg 1 18 26 67 67
0009_0014_0019_0069_0069.jpg 1 14 19 69 69
0010_0027_0022_0065_0065.jpg 1 27 22 65 65
0011_0051_0018_0041_0041.jpg 1 51 18 41 41
0012_0034_0030_0045_0045.jpg 1 34 30 45 45
0013_0017_0032_0060_0060.jpg 1 17 32 60 60
0014_0005_0005_0061_0061.jpg 1 5 5 61 61
0015_0043_0016_0047_0047.jpg 1 43 16 47 47
0016_0024_0016_0068_0068.jpg 1 24 16 68 68
0017_0012_0017_0041_0041.jpg 1 12 17 41 41
0018_0028_0017_0050_0050.jpg 1 28 17 50 50
0019_0017_0034_0061_0061.jpg 1 17 34 61 61
0020_0029_0044_0024_0024.jpg 1 29 44 24 24
0021_0004_0029_0060_0060.jpg 1 4 29 60 60
0022_0022_0044_0047_0047.jpg 1 22 44 47 47
0023_0046_0040_0026_0026.jpg 1 46 40 26 26
0024_0046_0060_0031_0031.jpg 1 46 60 31 31
0025_0047_0010_0026_0026.jpg 1 47 10 26 26
0026_0031_0025_0042_0042.jpg 1 31 25 42 42
0027_0013_0017_0067_0067.jpg 1 13 17 67 67
0028_0029_0033_0055_0055.jpg 1 29 33 55 55
0029_0019_0035_0057_0057.jpg 1 19 35 57 57
0030_0039_0016_0056_0056.jpg 1 39 16 56 56
0031_0036_0025_0049_0049.jpg 1 36 25 49 49
0032_0029_0022_0065_0065.jpg 1 29 22 65 65
0033_0017_0044_0036_0036.jpg 1 17 44 36 36
0034_0010_0028_0032_0032.jpg 1 10 28 32 32
0035_0024_0008_0068_0068.jpg 1 24 8 68 68
0036_0034_0040_0039_0039.jpg 1 34 40 39 39
0037_0024_0020_0046_0046.jpg 1 24 20 46 46
0038_0026_0019_0041_0041.jpg 1 26 19 41 41
0039_0022_0012_0027_0027.jpg 1 22 12 27 27
0040_0026_0004_0069_0069.jpg 1 26 4 69 69
0041_0030_0040_0043_0043.jpg 1 30 40 43 43
0042_0029_0006_0067_0067.jpg 1 29 6 67 67
0043_0014_0038_0052_0052.jpg 1 14 38 52 52
0044_0019_0044_0038_0038.jpg 1 19 44 38 38
0045_0038_0027_0045_0045.jpg 1 38 27 45 45
0046_0033_0052_0041_0041.jpg 1 33 52 41 41
0047_0014_0019_0055_0055.jpg 1 14 19 55 55
0048_0062_0024_0027_0027.jpg 1 62 24 27 27
0049_0060_0007_0029_0029.jpg 1 60 7 29 29
0050_0014_0015_0058_0058.jpg 1 14 15 58 58
0051_0029_0021_0062_0062.jpg 1 29 21 62 62
0052_0049_0050_0037_0037.jpg 1 49 50 37 37
0053_0009_0025_0050_0050.jpg 1 9 25 50 50
0054_0041_0009_0037_0037.jpg 1 41 9 37 37
0055_0011_0029_0039_0039.jpg 1 11 29 39 39
0056_0015_0026_0050_0050.jpg 1 15 26 50 50
0057_0038_0011_0040_0040.jpg 1 38 11 40 40
0058_0032_0008_0057_0057.jpg 1 32 8 57 57
0059_0010_0009_0048_0048.jpg 1 10 9 48 48
0060_0043_0024_0050_0050.jpg 1 43 24 50 50
0061_0032_0013_0043_0043.jpg 1 32 13 43 43
0062_0025_0047_0039_0039.jpg 1 25 47 39 39
0063_0043_0021_0032_0032.jpg 1 43 21 32 32
0064_0015_0021_0055_0055.jpg 1 15 21 55 55
0065_0009_0017_0056_0056.jpg 1 9 17 56 56
0066_0022_0011_0051_0051.jpg 1 22 11 51 51
0067_0039_0064_0028_0028.jpg 1 39 64 28 28
0068_0022_0044_0049_0049.jpg 1 22 44 49 49
0069_0005_0023_0067_0067.jpg 1 5 23 67 67
0070_0014_0012_0063_0063.jpg 1 14 12 63 63
0071_0007_0051_0040_0040.jpg 1 7 51 40 40
0072_0004_0022_0065_0065.jpg 1 4 22 65 65
0073_0039_0007_0039_0039.jpg 1 39 7 39 39
0074_0006_0048_0036_0036.jpg 1 6 48 36 36
0075_0028_0053_0024_0024.jpg 1 28 53 24 24
0076_0015_0028_0057_0057.jpg 1 15 28 57 57
0077_0008_0038_0054_0054.jpg 1 8 38 54 54
0078_0015_0011_0068_0068.jpg 1 15 11 68 68
0079_0026_0017_0051_0051.jpg 1 26 17 51 51
0080_0021_0058_0030_0030.jpg 1 21 58 30 30
0081_0044_0036_0038_0038.jpg 1 44 36 38 38
0082_0022_0034_0060_0060.jpg 1 22 34 60 60
0083_0021_0017_0025_0025.jpg 1 21 17 25 25
0084_0027_0019_0035_0035.jpg 1 27 19 35 35
0085_0023_0026_0056_0056.jpg 1 23 26 56 56
0086_0028_0029_0030_0030.jpg 1 28 29 30 30
0087_0053_0026_0034_0034.jpg 1 53 26 34 34
0088_0019_0014_0030_0030.jpg 1 19 14 30 30
0089_0038_0027_0034_0034.jpg 1 38 27 34 34
0090_0033_0055_0026_0026.jpg 1 33 55 26 26
0091_0010_0014_0030_0030.jpg 1 10 14 30 30
0092_0045_0034_0025_0025.jpg 1 45 34 25 25
0093_0008_0008_0065_0065.jpg 1 8 8 65 65
0094_0028_0023_0048_0048.jpg 1 28 23 48 48
0095_0026_0013_0055_0055.jpg 1 26 13 55 55
0096_0022_0011_0038_0038.jpg 1 22 11 38 38
0097_0024_0038_0045_0045.jpg 1 24 38 45 45
0098_0044_0039_0039_0039.jpg 1 44 39 39 39
0099_0017_0042_0032_0032.jpg 1 17 42 32 32
0100_0049_0061_0024_0024.jpg 1 49 61 24 24
0101_0054_0035_0033_0033.jpg 1 54 35 33 33
0102_0048_0009_0042_0042.jpg 1 48 9 42 42
0103_0054_0013_0030_0030.jpg 1 54 13 30 30
0104_0029_0014_0024_0024.jpg 1 29 14 24 24
0105_0025_0013_0046_0046.jpg 1 25 13 46 46
0106_0023_0014_0069_0069.jpg 1 23 14 69 69
0107_0006_0007_0069_0069.jpg 1 6 7 69 69
0108_0010_0022_0046_0046.jpg 1 10 22 46 46
0109_0045_0057_0034_0034.jpg 1 45 57 34 34
0110_0013_0014_0042_0042.jpg 1 13 14 42 42
0111_0003_0022_0068_0068.jpg 1 3 22 68 68
0112_0012_0041_0037_0037.jpg 1 12 41 37 37
0113_0018_0038_0046_0046.jpg 1 18 38 46 46
0114_0026_0034_0033_0033.jpg 1 26 34 33 33
0115_0013_0029_0058_0058.jpg 1 13 29 58 58
0116_0028_0013_0050_0050.jpg 1 28 13 50 50
0117_0043_0021_0036_0036.jpg 1 43 21 36 36
0118_0036_0011_0040_0040.jpg 1 36 11 40 40
0119_0022_0037_0057_0057.jpg 1 22 37 57 57
0120_0023_0033_0055_0055.jpg 1 23 33 55 55
0121_0016_0007_0028_0028.jpg 1 16 7 28 28
0122_0029_0035_0036_0036.jpg 1 29 35 36 36
0123_0037_0029_0047_0047.jpg 1 37 29 47 47
0124_0028_0019_0068_0068.jpg 1 28 19 68 68
0125_0020_0020_0050_0050.jpg 1 20 20 50 50
0126_0015_0048_0028_0028.jpg 1 15 48 28 28
0127_0039_0021_0026_0026.jpg 1 39 21 26 26
0128_0033_0028_0056_0056.jpg 1 33 28 56 56
0129_0018_0044_0043_0043.jpg 1 18 44 43 43
0130_0007_0038_0042_0042.jpg 1 7 38 42 42
0131_0013_0014_0057_0057.jpg 1 13 14 57 57
0132_0039_0034_0051_0051.jpg 1 39 34 51 51
0133_0010_0021_0059_0059.jpg 1 10 21 59 59
0134_0034_0033_0055_0055.jpg 1 34 33 55 55
0135_0029_0023_0056_0056.jpg 1 29 23 56 56
0136_0032_0011_0052_0052.jpg 1 32 11 52 52
0137_0021_0010_0044_0044.jpg 1 21 10 44 44
0138_0009_0027_0061_0061.jpg 1 9 27 61 61
0139_0028_0034_0053_0053.jpg 1 28 34 53 53
0140_0014_0051_0025_0025.jpg 1 14 51 25 25
0141_0031_0043_0039_0039.jpg 1 31 43 39 39
0142_0042_0034_0050_0050.jpg 1 42 34 50 50
0143_0040_0022_0042_0042.jpg 1 40 22 42 42
0144_0024_0016_0044_0044.jpg 1 24 16 44 44
0145_0027_0028_0067_0067.jpg 1 27 28 67 67
0146_0037_0032_0055_0055.jpg 1 37 32 55 55
0147_0036_0035_0031_0031.jpg 1 36 35 31 31
0148_0037_0025_0047_0047.jpg 1 37 25 47 47
0149_0051_0047_0026_0026.jpg 1 51 47 26 26
0150_0062_0057_0029_0029.jpg 1 62 57 29 29
0151_0019_0033_0038_0038.jpg 1 19 33 38 38
0152_0030_0035_0034_0034.jpg 1 30 35 34 34
0153_0032_0033_0052_0052.jpg 1 32 33 52 52
0154_0023_0019_0056_0056.jpg 1 23 19 56 56
0155_0007_0042_0052_0052.jpg 1 7 42 52 52
0156_0044_0011_0048_0048.jpg 1 44 11 48 48
0157_0008_0027_0065_0065.jpg 1 8 27 65 65
0158_0035_0038_0051_0051.jpg 1 35 38 51 51
0159_0043_0036_0045_0045.jpg 1 43 36 45 45
0160_0044_0024_0050_0050.jpg 1 44 24 50 50
0161_0008_0022_0049_0049.jpg 1 8 22 49 49
0162_0010_0041_0045_0045.jpg 1 10 41 45 45
0163_0006_0010_0068_0068.jpg 1 6 10 68 68
0164_0052_0006_0040_0040.jpg 1 52 6 40 40
0165_0028_0047_0043_0043.jpg 1 28 47 43 43
0166_0007_0055_0030_0030.jpg 1 7 55 30 30
0167_0026_0032_0058_0058.jpg 1 26 32 58 58
0168_0005_0025_0063_0063.jpg 1 5 25 63 63
0169_0019_0040_0043_0043.jpg 1 19 40 43 43
0170_0031_0014_0056_0056.jpg 1 31 14 56 56
0171_0034_0025_0025_0025.jpg 1 34 25 25 25
0172_0012_0046_0048_0048.jpg 1 12 46 48 48
0173_0021_0054_0028_0028.jpg 1 21 54 28 28
0174_0024_0043_0039_0039.jpg 1 24 43 39 39
0175_0013_0024_0041_0041.jpg 1 13 24 41 41
0176_0044_0024_0028_0028.jpg 1 44 24 28 28
0177_0042_0059_0032_0032.jpg 1 42 59 32 32
0178_0022_0036_0054_0054.jpg 1 22 36 54 54
0179_0008_0016_0067_0067.jpg 1 8 16 67 67
0180_0033_0009_0060_0060.jpg 1 33 9 60 60
0181_0010_0040_0049_0049.jpg 1 10 40 49 49
0182_0029_0015_0048_0048.jpg 1 29 15 48 48
0183_0015_0014_0066_0066.jpg 1 15 14 66 66
0184_0021_0027_0050_0050.jpg 1 21 27 50 50
0185_0037_0042_0044_0044.jpg 1 37 42 44 44
0186_0020_0011_0064_0064.jpg 1 20 11 64 64
0187_0034_0009_0034_0034.jpg 1 34 9 34 34
0188_0026_0010_0060_0060.jpg 1 26 10 60 60
0189_0014_0019_0051_0051.jpg 1 14 19 51 51
0190_0020_0018_0062_0062.jpg 1 20 18 62 62
0191_0019_0025_0068_0068.jpg 1 19 25 68 68
0192_0035_0037_0055_0055.jpg 1 35 37 55 55
0193_0049_0043_0024_0024.jpg 1 49 43 24 24
0194_0039_0032_0033_0033.jpg 1 39 32 33 33
0195_0028_0050_0040_0040.jpg 1 28 50 40 40
0196_0014_0039_0037_0037.jpg 1 14 39 37 37
0197_0052_0052_0041_0041.jpg 1 52 52 41 41
0198_0018_0011_0050_0050.jpg 1 18 11 50 50
0199_0015_0021_0067_0067.jpg 1 15 21 67 67
0200_0012_0046_0041_0041.jpg 1 12 46 41 41
0201_0048_0023_0046_0046.jpg 1 48 23 46 46
0202_0020_0010_0067_0067.jpg 1 20 10 67 67
0203_0013_0041_0049_0049.jpg 1 13 41 49 49
0204_0021_0029_0046_0046.jpg 1 21 29 46 46
0205_0023_0034_0052_0052.jpg 1 23 34 52 52
0206_0017_0021_0045_0045.jpg 1 17 21 45 45
0207_0023_0023_0066_0066.jpg 1 23 23 66 66
0208_0027_0007_0066_0066.jpg 1 27 7 66 66
0209_0037_0022_0037_0037.jpg 1 37 22 37 37
0210_0009_0039_0054_0054.jpg 1 9 39 54 54
0211_0030_0029_0063_0063.jpg 1 30 29 63 63
0212_0007_0024_0066_0066.jpg 1 7 24 66 66
0213_0035_0043_0048_0048.jpg 1 35 43 48 48
0214_0032_0017_0049_0049.jpg 1 32 17 49 49
0215_0009_0061_0031_0031.jpg 1 9 61 31 31
0216_0010_0014_0026_0026.jpg 1 10 14 26 26
0217_0034_0019_0058_0058.jpg 1 34 19 58 58
0218_0033_0047_0043_0043.jpg 1 33 47 43 43
0219_0022_0032_0063_0063.jpg 1 22 32 63 63
0220_0036_0035_0055_0055.jpg 1 36 35 55 55
0221_0057_0019_0030_0030.jpg 1 57 19 30 30
0222_0028_0009_0062_0062.jpg 1 28 9 62 62
0223_0029_0036_0056_0056.jpg 1 29 36 56 56
0224_0040_0036_0042_0042.jpg 1 40 36 42 42
0225_0024_0009_0060_0060.jpg 1 24 9 60 60
0226_0037_0047_0040_0040.jpg 1 37 47 40 40
0227_0054_0018_0033_0033.jpg 1 54 18 33 33
0228_0037_0028_0054_0054.jpg 1 37 28 54 54
0229_0025_0020_0055_0055.jpg 1 25 20 55 55
0230_0027_0034_0034_0034.jpg 1 27 34 34 34
0231_0026_0029_0065_0065.jpg 1 26 29 65 65
0232_0011_0019_0062_0062.jpg 1 11 19 62 62
0233_0048_0032_0031_0031.jpg 1 48 32 31 31
0234_0029_0040_0050_0050.jpg 1 29 40 50 50
0235_0051_0018_0038_0038.jpg 1 51 18 38 38
0236_0015_0047_0027_0027.jpg 1 15 47 27 27
0237_0034_0015_0052_0052.jpg 1 34 15 52 52
0238_0014_0010_0041_0041.jpg 1 14 10 41 41
0239_0022_0043_0052_0052.jpg 1 22 43 52 52
0240_0044_0036_0047_0047.jpg 1 44 36 47 47
0241_0035_0022_0059_0059.jpg 1 35 22 59 59
0242_0024_0006_0036_0036.jpg 1 24 6 36 36
0243_0005_0027_0066_0066.jpg 1 5 27 66 66
0244_0026_0053_0028_0028.jpg 1 26 53 28 28
0245_0011_0012_0060_0060.jpg 1 11 12 60 60
0246_0029_0026_0066_0066.jpg 1 29 26 66 66
0247_0058_0022_0024_0024.jpg 1 58 22 24 24
0248_0033_0064_0027_0027.jpg 1 33 64 27 27
0249_0019_0049_0027_0027.jpg 1 19 49 27 27
0250_0027_0011_0027_0027.jpg 1 27 11 27 27
0251_0028_0050_0040_0040.jpg 1 28 50 40 40
0252_0050_0029_0025_0025.jpg 1 50 29 25 25
0253_0015_0006_0060_0060.jpg 1 15 6 60 60
0254_0012_0021_0061_0061.jpg 1 12 21 61 61
0255_0026_0024_0062_0062.jpg 1 26 24 62 62
0256_0017_0030_0051_0051.jpg 1 17 30 51 51
0257_0030_0016_0036_0036.jpg 1 30 16 36 36
0258_0015_0042_0030_0030.jpg 1 15 42 30 30
0259_0019_0012_0064_0064.jpg 1 19 12 64 64
0260_0048_0022_0026_0026.jpg 1 48 22 26 26
0261_0033_0022_0049_0049.jpg 1 33 22 49 49
0262_0011_0012_0031_0031.jpg 1 11 12 31 31
0263_0025_0033_0062_0062.jpg 1 25 33 62 62
0264_0014_0008_0051_0051.jpg 1 14 8 51 51
0265_0008_0012_0065_0065.jpg 1 8 12 65 65
0266_0016_0048_0029_0029.jpg 1 16 48 29 29
0267_0007_0004_0058_0058.jpg 1 7 4 58 58
0268_0011_0007_0054_0054.jpg 1 11 7 54 54
0269_0008_0016_0067_0067.jpg 1 8 16 67 67
0270_0029_0031_0049_0049.jpg 1 29 31 49 49
0271_0008_0008_0057_0057.jpg 1 8 8 57 57
0272_0031_0049_0038_0038.jpg 1 31 49 38 38
0273_0012_0036_0031_0031.jpg 1 12 36 31 31
0274_0018_0018_0033_0033.jpg 1 18 18 33 33
0275_0020_0007_0066_0066.jpg 1 20 7 66 66
0276_0006_0014_0035_0035.jpg 1 6 14 35 35
0277_0027_0013_0043_0043.jpg 1 27 13 43 43
0278_0029_0019_0056_0056.jpg 1 29 19 56 56
0279_0021_0031_0048_0048.jpg 1 21 31 48 48
0280_0017_0047_0038_0038.jpg 1 17 47 38 38
0281_0019_0056_0032_0032.jpg 1 19 56 32 32
0282_0036_0009_0051_0051.jpg 1 36 9 51 51
0283_0012_0006_0067_0067.jpg 1 12 6 67 67
0284_0029_0041_0038_0038.jpg 1 29 41 38 38
0285_0009_0011_0065_0065.jpg 1 9 11 65 65
0286_0048_0055_0027_0027.jpg 1 48 55 27 27
0287_0030_0010_0041_0041.jpg 1 30 10 41 41
0288_0053_0007_0031_0031.jpg 1 53 7 31 31
0289_0011_0039_0050_0050.jpg 1 11 39 50 50
0290_0017_0026_0053_0053.jpg 1 17 26 53 53
0291_0018_0043_0028_0028.jpg 1 18 43 28 28
0292_0008_0047_0042_0042.jpg 1 8 47 42 42
0293_0014_0010_0068_0068.jpg 1 14 10 68 68
0294_0007_0014_0051_0051.jpg 1 7 14 51 51
0295_0011_0006_0041_0041.jpg 1 11 6 41 41
0296_0037_0011_0056_0056.jpg 1 37 11 56 56
0297_0013_0008_0068_0068.jpg 1 13 8 68 68
0298_0042_0015_0041_0041.jpg 1 42 15 41 41
0299_0017_0056_0033_0033.jpg 1 17 56 33 33
0300_0023_0014_0037_0037.jpg 1 23 14 37 37
0301_0014_0019_0062_0062.jpg 1 14 19 62 62
0302_0014_0049_0038_0038.jpg 1 14 49 38 38
0303_0027_0031_0058_0058.jpg 1 27 31 58 58
0304_0036_0015_0045_0045.jpg 1 36 15 45 45
0305_0029_0032_0049_0049.jpg 1 29 32 49 49
0306_0049_0013_0043_0043.jpg 1 49 13 43 43
0307_0020_0047_0028_0028.jpg 1 20 47 28 28
0308_0004_0024_0065_0065.jpg 1 4 24 65 65
0309_0012_0016_0060_0060.jpg 1 12 16 60 60
0310_0012_0016_0044_0044.jpg 1 12 16 44 44
0311_0038_0018_0049_0049.jpg 1 38 18 49 49
0312_0049_0033_0038_0038.jpg 1 49 33 38 38
0313_0021_0054_0030_0030.jpg 1 21 54 30 30
0314_0055_0035_0031_0031.jpg 1 55 35 31 31
0315_0024_0039_0049_0049.jpg 1 24 39 49 49
0316_0025_0014_0065_0065.jpg 1 25 14 65 65
0317_0017_0049_0045_0045.jpg 1 17 49 45 45
0318_0022_0026_0069_0069.jpg 1 22 26 69 69
0319_0025_0025_0066_0066.jpg 1 25 25 66 66
0320_0030_0015_0049_0049.jpg 1 30 15 49 49
0321_0009_0027_0051_0051.jpg 1 9 27 51 51
0322_0020_0060_0031_0031.jpg 1 20 60 31 31
0323_0011_0030_0049_0049.jpg 1 11 30 49 49
0324_0035_0007_0046_0046.jpg 1 35 7 46 46
0325_0017_0007_0060_0060.jpg 1 17 7 60 60
0326_0053_0058_0033_0033.jpg 1 53 58 33 33
0327_0063_0038_0027_0027.jpg 1 63 38 27 27
0328_0007_0016_0048_0048.jpg 1 7 16 48 48
0329_0007_0028_0039_0039.jpg 1 7 28 39 39
0330_0032_0053_0031_0031.jpg 1 32 53 31 31
0331_0061_0046_0025_0025.jpg 1 61 46 25 25
0332_0014_0012_0052_0052.jpg 1 14 12 52 52
0333_0050_0048_0033_0033.jpg 1 50 48 33 33
0334_0011_0011_0065_0065.jpg 1 11 11 65 65
0335_0040_0019_0031_0031.jpg 1 40 19 31 31
0336_0006_0024_0061_0061.jpg 1 6 24 61 61
0337_0008_0044_0041_0041.jpg 1 8 44 41 41
0338_0005_0026_0060_0060.jpg 1 5 26 60 60
0339_0040_0066_0025_0025.jpg 1 40 66 25 25
0340_0011_0006_0042_0042.jpg 1 11 6 42 42
0341_0022_0040_0029_0029.jpg 1 22 40 29 29
0342_0018_0041_0051_0051.jpg 1 18 41 51 51
0343_0020_0027_0064_0064.jpg 1 20 27 64 64
0344_0042_0016_0043_0043.jpg 1 42 16 43 43
0345_0029_0025_0040_0040.jpg 1 29 25 40 40
0346_0032_0023_0063_0063.jpg 1 32 23 63 63
0347_0016_0011_0058_0058.jpg 1 16 11 58 58
0348_0032_0058_0029_0029.jpg 1 32 58 29 29
0349_0047_0017_0045_0045.jpg 1 47 17 45 45
0350_0050_0040_0026_0026.jpg 1 50 40 26 26
0351_0053_0050_0027_0027.jpg 1 53 50 27 27
0352_0030_0014_0065_0065.jpg 1 30 14 65 65
0353_0041_0021_0041_0041.jpg 1 41 21 41 41
0354_0026_0023_0045_0045.jpg 1 26 23 45 45
0355_0013_0032_0056_0056.jpg 1 13 32 56 56
0356_0023_0033_0056_0056.jpg 1 23 33 56 56
0357_0012_0030_0054_0054.jpg 1 12 30 54 54
0358_0016_0029_0064_0064.jpg 1 16 29 64 64
0359_0011_0028_0053_0053.jpg 1 11 28 53 53
0360_0043_0021_0038_0038.jpg 1 43 21 38 38
0361_0013_0042_0046_0046.jpg 1 13 42 46 46
0362_0059_0059_0031_0031.jpg 1 59 59 31 31
0363_0007_0008_0036_0036.jpg 1 7 8 36 36
0364_0061_0014_0030_0030.jpg 1 61 14 30 30
0365_0017_0006_0043_0043.jpg 1 17 6 43 43
0366_0031_0014_0046_0046.jpg 1 31 14 46 46
0367_0043_0038_0027_0027.jpg 1 43 38 27 27
0368_0040_0007_0051_0051.jpg 1 40 7 51 51
0369_0049_0028_0032_0032.jpg 1 49 28 32 32
0370_0013_0019_0065_0065.jpg 1 13 19 65 65
0371_0039_0005_0053_0053.jpg 1 39 5 53 53
0372_0029_0034_0051_0051.jpg 1 29 34 51 51
0373_0021_0009_0062_0062.jpg 1 21 9 62 62
0374_0022_0010_0065_0065.jpg 1 22 10 65 65
0375_0015_0054_0034_0034.jpg 1 15 54 34 34
0376_0036_0005_0056_0056.jpg 1 36 5 56 56
0377_0015_0051_0029_0029.jpg 1 15 51 29 29
0378_0019_0026_0049_0049.jpg 1 19 26 49 49
0379_0026_0022_0050_0050.jpg 1 26 22 50 50
0380_0031_0023_0053_0053.jpg 1 31 23 53 53
0381_0024_0015_0037_0037.jpg 1 24 15 37 37
0382_0024_0008_0066_0066.jpg 1 24 8 66 66
0383_0021_0022_0056_0056.jpg 1 21 22 56 56
0384_0052_0054_0037_0037.jpg 1 52 54 37 37
0385_0019_0014_0043_0043.jpg 1 19 14 43 43
0386_0027_0016_0024_0024.jpg 1 27 16 24 24
0387_0023_0022_0031_0031.jpg 1 23 22 31 31
0388_0011_0021_0069_0069.jpg 1 11 21 69 69
0389_0013_0017_0040_0040.jpg 1 13 17 40 40
0390_0012_0039_0043_0043.jpg 1 12 39 43 43
0391_0016_0007_0061_0061.jpg 1 16 7 61 61
0392_0018_0012_0061_0061.jpg 1 18 12 61 61
0393_0039_0058_0033_0033.jpg 1 39 58 33 33
0394_0036_0005_0057_0057.jpg 1 36 5 57 57
0395_0013_0051_0037_0037.jpg 1 13 51 37 37
0396_0037_0012_0051_0051.jpg 1 37 12 51 51
0397_0026_0041_0042_0042.jpg 1 26 41 42 42
0398_0019_0017_0061_0061.jpg 1 19 17 61 61
0399_0030_0024_0052_0052.jpg 1 30 24 52 52
0400_0014_0024_0050_0050.jpg 1 14 24 50 50
0401_0016_0015_0026_0026.jpg 1 16 15 26 26
0402_0015_0011_0055_0055.jpg 1 15 11 55 55
0403_0015_0039_0044_0044.jpg 1 15 39 44 44
0404_0022_0010_0066_0066.jpg 1 22 10 66 66
0405_0016_0051_0038_0038.jpg 1 16 51 38 38
0406_0004_0032_0058_0058.jpg 1 4 32 58 58
0407_0005_0031_0062_0062.jpg 1 5 31 62 62
0408_0016_0017_0036_0036.jpg 1 16 17 36 36
0409_0045_0020_0048_0048.jpg 1 45 20 48 48
0410_0005_0030_0064_0064.jpg 1 5 30 64 64
0411_0025_0033_0061_0061.jpg 1 25 33 61 61
0412_0035_0025_0054_0054.jpg 1 35 25 54 54
0413_0005_0015_0043_0043.jpg 1 5 15 43 43
0414_0040_0037_0053_0053.jpg 1 40 37 53 53
0415_0022_0052_0030_0030.jpg 1 22 52 30 30
0416_0035_0017_0058_0058.jpg 1 35 17 58 58
0417_0006_0009_0055_0055.jpg 1 6 9 55 55
0418_0054_0055_0029_0029.jpg 1 54 55 29 29
0419_0021_0010_0066_0066.jpg 1 21 10 66 66
0420_0018_0004_0054_0054.jpg 1 18 4 54 54
0421_0022_0036_0046_0046.jpg 1 22 36 46 46
0422_0017_0024_0066_0066.jpg 1 17 24 66 66
0423_0036_0034_0053_0053.jpg 1 36 34 53 53
0424_0025_0024_0067_0067.jpg 1 25 24 67 67
0425_0024_0008_0062_0062.jpg 1 24 8 62 62
0426_0011_0032_0051_0051.jpg 1 11 32 51 51
0427_0018_0007_0054_0054.jpg 1 18 7 54 54
0428_0022_0023_0056_0056.jpg 1 22 23 56 56
0429_0028_0017_0054_0054.jpg 1 28 17 54 54
0430_0029_0035_0058_0058.jpg 1 29 35 58 58
0431_0024_0018_0063_0063.jpg 1 24 18 63 63
0432_0031_0026_0029_0029.jpg 1 31 26 29 29
0433_0024_0029_0065_0065.jpg 1 24 29 65 65
0434_0013_0032_0054_0054.jpg 1 13 32 54 54
0435_0031_0016_0057_0057.jpg 1 31 16 57 57
0436_0054_0038_0034_0034.jpg 1 54 38 34 34
0437_0028_0014_0036_0036.jpg 1 28 14 36 36
0438_0011_0054_0032_0032.jpg 1 11 54 32 32
0439_0036_0011_0045_0045.jpg 1 36 11 45 45
0440_0005_0009_0061_0061.jpg 1 5 9 61 61
0441_0016_0024_0024_0024.jpg 1 16 24 24 24
0442_0012_0007_0057_0057.jpg 1 12 7 57 57
0443_0041_0021_0041_0041.jpg 1 41 21 41 41
0444_0034_0023_0039_0039.jpg 1 34 23 39 39
0445_0025_0027_0069_0069.jpg 1 25 27 69 69
0446_0020_0005_0055_0055.jpg 1 20 5 55 55
0447_0006_0019_0042_0042.jpg 1 6 19 42 42
0448_0035_0019_0047_0047.jpg 1 35 19 47 47
0449_0034_0014_0054_0054.jpg 1 34 14 54 54
0450_0015_0017_0057_0057.jpg 1 15 17 57 57
0451_0034_0017_0032_0032.jpg 1 34 17 32 32
0452_0041_0023_0053_0053.jpg 1 41 23 53 53
0453_0030_0022_0035_0035.jpg 1 30 22 35 35
0454_0025_0048_0046_0046.jpg 1 25 48 46 46
0455_0033_0008_0055_0055.jpg 1 33 8 55 55
0456_0025_0013_0044_0044.jpg 1 25 13 44 44
0457_0007_0009_0063_0063.jpg 1 7 9 63 63
0458_0039_0048_0041_0041.jpg 1 39 48 41 41
0459_0018_0031_0054_0054.jpg 1 18 31 54 54
0460_0007_0019_0041_0041.jpg 1 7 19 41 41
0461_0018_0015_0063_0063.jpg 1 18 15 63 63
0462_0041_0038_0026_0026.jpg 1 41 38 26 26
0463_0023_0023_0037_0037.jpg 1 23 23 37 37
0464_0009_0009_0065_0065.jpg 1 9 9 65 65
0465_0030_0034_0056_0056.jpg 1 30 34 56 56
0466_0052_0041_0034_0034.jpg 1 52 41 34 34
0467_0045_0059_0028_0028.jpg 1 45 59 28 28
0468_0042_0060_0033_0033.jpg 1 42 60 33 33
0469_0034_0038_0039_0039.jpg 1 34 38 39 39
0470_0014_0025_0065_0065.jpg 1 14 25 65 65
0471_0004_0011_0063_0063.jpg 1 4 11 63 63
0472_0045_0048_0038_0038.jpg 1 45 48 38 38
0473_0048_0025_0028_0028.jpg 1 48 25 28 28
0474_0009_0024_0064_0064.jpg 1 9 24 64 64
0475_0016_0006_0068_0068.jpg 1 16 6 68 68
0476_0045_0020_0048_0048.jpg 1 45 20 48 48
0477_0032_0030_0064_0064.jpg 1 32 30 64 64
0478_0058_0034_0026_0026.jpg 1 58 34 26 26
0479_0041_0015_0038_0038.jpg 1 41 15 38 38
0480_0037_0035_0044_0044.jpg 1 37 35 44 44
0481_0050_0044_0043_0043.jpg 1 50 44 43 43
0482_0043_0016_0046_0046.jpg 1 43 16 46 46
0483_0040_0048_0046_0046.jpg 1 40 48 46 46
0484_0064_0030_0027_0027.jpg 1 64 30 27 27
0485_0018_0047_0047_0047.jpg 1 18 47 47 47
0486_0022_0025_0057_0057.jpg 1 22 25 57 57
0487_0018_0018_0048_0048.jpg 1 18 18 48 48
0488_0032_0012_0053_0053.jpg 1 32 12 53 53
0489_0029_0049_0041_0041.jpg 1 29 49 41 41
0490_0031_0007_0062_0062.jpg 1 31 7 62 62
0491_0025_0034_0060_0060.jpg 1 25 34 60 60
0492_0042_0058_0027_0027.jpg 1 42 58 27 27
0493_0008_0003_0061_0061.jpg 1 8 3 61 61
0494_0039_0024_0044_0044.jpg 1 39 24 44 44
0495_0020_0009_0041_0041.jpg 1 20 9 41 41
0496_0013_0031_0039_0039.jpg 1 13 31 39 39
0497_0017_0009_0069_0069.jpg 1 17 9 69 69
0498_0013_0019_0064_0064.jpg 1 13 19 64 64
0499_0028_0014_0034_0034.jpg 1 28 14 34 34
0500_0026_0024_0029_0029.jpg 1 26 24 29 29
0501_0026_0054_0024_0024.jpg 1 26 54 24 24
0502_0007_0032_0045_0045.jpg 1 7 32 45 45
0503_0010_0026_0034_0034.jpg 1 10 26 34 34
0504_0023_0010_0047_0047.jpg 1 23 10 47 47
0505_0022_0014_0045_0045.jpg 1 22 14 45 45
0506_0026_0065_0024_0024.jpg 1 26 65 24 24
0507_0022_0024_0057_0057.jpg 1 22 24 57 57
0508_0024_0053_0038_0038.jpg 1 24 53 38 38
0509_0026_0015_0042_0042.jpg 1 26 15 42 42
0510_0026_0008_0066_0066.jpg 1 26 8 66 66
0511_0010_0022_0056_0056.jpg 1 10 22 56 56
0512_0007_0033_0060_0060.jpg 1 7 33 60 60
0513_0024_0010_0059_0059.jpg 1 24 10 59 59
0514_0006_0014_0068_0068.jpg 1 6 14 68 68
0515_0020_0023_0030_0030.jpg 1 20 23 30 30
0516_0011_0037_0046_0046.jpg 1 11 37 46 46
0517_0014_0044_0026_0026.jpg 1 14 44 26 26
0518_0027_0043_0049_0049.jpg 1 27 43 49 49
0519_0032_0040_0040_0040.jpg 1 32 40 40 40
0520_0038_0055_0024_0024.jpg 1 38 55 24 24
0521_0037_0008_0040_0040.jpg 1 37 8 40 40
0522_0037_0040_0032_0032.jpg 1 37 40 32 32
0523_0023_0031_0042_0042.jpg 1 23 31 42 42
0524_0025_0024_0069_0069.jpg 1 25 24 69 69
0525_0004_0005_0069_0069.jpg 1 4 5 69 69
0526_0033_0025_0037_0037.jpg 1 33 25 37 37
0527_0008_0053_0031_0031.jpg 1 8 53 31 31
0528_0035_0025_0056_0056.jpg 1 35 25 56 56
0529_0043_0026_0051_0051.jpg 1 43 26 51 51
0530_0032_0040_0048_0048.jpg 1 32 40 48 48
0531_0013_0007_0067_0067.jpg 1 13 7 67 67
0532_0022_0028_0041_0041.jpg 1 22 28 41 41
0533_0044_0036_0045_0045.jpg 1 44 36 45 45
0534_0026_0041_0047_0047.jpg 1 26 41 47 47
0535_0028_0021_0067_0067.jpg 1 28 21 67 67
0536_0007_0024_0036_0036.jpg 1 7 24 36 36
0537_0024_0007_0051_0051.jpg 1 24 7 51 51
0538_0051_0026_0024_0024.jpg 1 51 26 24 24
0539_0030_0005_0053_0053.jpg 1 30 5 53 53
0540_0031_0064_0025_0025.jpg 1 31 64 25 25
0541_0051_0014_0042_0042.jpg 1 51 14 42 42
0542_0042_0007_0028_0028.jpg 1 42 7 28 28
0543_0019_0041_0029_0029.jpg 1 19 41 29 29
0544_0004_0017_0066_0066.jpg 1 4 17 66 66
0545_0006_0020_0050_0050.jpg 1 6 20 50 50
0546_0049_0048_0034_0034.jpg 1 49 48 34 34
0547_0006_0031_0046_0046.jpg 1 6 31 46 46
0548_0026_0030_0065_0065.jpg 1 26 30 65 65
0549_0028_0010_0048_0048.jpg 1 28 10 48 48
0550_0007_0023_0059_0059.jpg 1 7 23 59 59
0551_0015_0003_0069_0069.jpg 1 15 3 69 69
0552_0024_0023_0069_0069.jpg 1 24 23 69 69
0553_0007_0011_0066_0066.jpg 1 7 11 66 66
0554_0017_0033_0059_0059.jpg 1 17 33 59 59
0555_0052_0006_0040_0040.jpg 1 52 6 40 40
0556_0055_0036_0024_0024.jpg 1 55 36 24 24
0557_0040_0046_0040_0040.jpg 1 40 46 40 40
0558_0015_0022_0049_0049.jpg 1 15 22 49 49
0559_0017_0036_0035_0035.jpg 1 17 36 35 35
0560_0015_0017_0068_0068.jpg 1 15 17 68 68
0561_0022_0021_0066_0066.jpg 1 22 21 66 66
0562_0043_0009_0039_0039.jpg 1 43 9 39 39
0563_0007_0029_0065_0065.jpg 1 7 29 65 65
0564_0017_0016_0042_0042.jpg 1 17 16 42 42
0565_0042_0040_0047_0047.jpg 1 42 40 47 47
0566_0007_0020_0067_0067.jpg 1 7 20 67 67
0567_0034_0030_0053_0053.jpg 1 34 30 53 53
0568_0040_0015_0027_0027.jpg 1 40 15 27 27
0569_0025_0045_0041_0041.jpg 1 25 45 41 41
0570_0048_0048_0041_0041.jpg 1 48 48 41 41
0571_0046_0052_0024_0024.jpg 1 46 52 24 24
0572_0036_0032_0059_0059.jpg 1 36 32 59 59
0573_0027_0004_0066_0066.jpg 1 27 4 66 66
0574_0034_0037_0037_0037.jpg 1 34 37 37 37
0575_0044_0020_0049_0049.jpg 1 44 20 49 49
0576_0010_0009_0033_0033.jpg 1 10 9 33 33
0577_0013_0023_0025_0025.jpg 1 13 23 25 25
0578_0022_0010_0057_0057.jpg 1 22 10 57 57
0579_0034_0053_0039_0039.jpg 1 34 53 39 39
0580_0026_0016_0059_0059.jpg 1 26 16 59 59
0581_0047_0031_0044_0044.jpg 1 47 31 44 44
0582_0008_0049_0043_0043.jpg 1 8 49 43 43
0583_0012_0011_0044_0044.jpg 1 12 11 44 44
0584_0020_0014_0067_0067.jpg 1 20 14 67 67
0585_0006_0031_0044_0044.jpg 1 6 31 44 44
0586_0057_0047_0031_0031.jpg 1 57 47 31 31
0587_0011_0051_0035_0035.jpg 1 11 51 35 35
0588_0015_0011_0053_0053.jpg 1 15 11 53 53
0589_0019_0025_0069_0069.jpg 1 19 25 69 69
0590_0032_0029_0041_0041.jpg 1 32 29 41 41
0591_0021_0008_0065_0065.jpg 1 21 8 65 65
0592_0042_0041_0047_0047.jpg 1 42 41 47 47
0593_0046_0008_0029_0029.jpg 1 46 8 29 29
0594_0031_0006_0048_0048.jpg 1 31 6 48 48
0595_0012_0012_0062_0062.jpg 1 12 12 62 62
0596_0020_0042_0049_0049.jpg 1 20 42 49 49
0597_0012_0009_0064_0064.jpg 1 12 9 64 64
0598_0020_0035_0031_0031.jpg 1 20 35 31 31
0599_0006_0016_0062_0062.jpg 1 6 16 62 62
0600_0015_0057_0030_0030.jpg 1 15 57 30 30
0601_0008_0018_0046_0046.jpg 1 8 18 46 46
0602_0028_0009_0056_0056.jpg 1 28 9 56 56
0603_0044_0007_0048_0048.jpg 1 44 7 48 48
0604_0005_0026_0062_0062.jpg 1 5 26 62 62
0605_0049_0033_0036_0036.jpg 1 49 33 36 36
0606_0021_0019_0047_0047.jpg 1 21 19 47 47
0607_0013_0010_0067_0067.jpg 1 13 10 67 67
0608_0031_0023_0030_0030.jpg 1 31 23 30 30
0609_0018_0051_0041_0041.jpg 1 18 51 41 41
0610_0023_0025_0049_0049.jpg 1 23 25 49 49
0611_0049_0061_0028_0028.jpg 1 49 61 28 28
0612_0030_0045_0030_0030.jpg 1 30 45 30 30
0613_0048_0028_0030_0030.jpg 1 48 28 30 30
0614_0037_0020_0036_0036.jpg 1 37 20 36 36
0615_0016_0032_0036_0036.jpg 1 16 32 36 36
0616_0025_0051_0042_0042.jpg 1 25 51 42 42
0617_0025_0026_0058_0058.jpg 1 25 26 58 58
0618_0046_0031_0027_0027.jpg 1 46 31 27 27
0619_0038_0028_0051_0051.jpg 1 38 28 51 51
0620_0044_0052_0031_0031.jpg 1 44 52 31 31
0621_0055_0032_0030_0030.jpg 1 55 32 30 30
0622_0036_0024_0043_0043.jpg 1 36 24 43 43
0623_0019_0015_0065_0065.jpg 1 19 15 65 65
0624_0005_0020_0068_0068.jpg 1 5 20 68 68
0625_0021_0020_0044_0044.jpg 1 21 20 44 44
0626_0013_0037_0048_0048.jpg 1 13 37 48 48
0627_0012_0031_0030_0030.jpg 1 12 31 30 30
0628_0013_0050_0033_0033.jpg 1 13 50 33 33
0629_0005_0004_0064_0064.jpg 1 5 4 64 64
0630_0017_0033_0053_0053.jpg 1 17 33 53 53
0631_0034_0042_0031_0031.jpg 1 34 42 31 31
0632_0033_0029_0062_0062.jpg 1 33 29 62 62
0633_0009_0023_0034_0034.jpg 1 9 23 34 34
0634_0026_0029_0053_0053.jpg 1 26 29 53 53
0635_0047_0049_0034_0034.jpg 1 47 49 34 34
0636_0013_0018_0068_0068.jpg 1 13 18 68 68
0637_0039_0032_0044_0044.jpg 1 39 32 44 44
0638_0036_0011_0031_0031.jpg 1 36 11 31 31
0639_0025_0012_0069_0069.jpg 1 25 12 69 69
0640_0022_0032_0051_0051.jpg 1 22 32 51 51
0641_0005_0014_0052_0052.jpg 1 5 14 52 52
0642_0033_0022_0057_0057.jpg 1 33 22 57 57
0643_0011_0016_0063_0063.jpg 1 11 16 63 63
0644_0016_0052_0024_0024.jpg 1 16 52 24 24
0645_0023_0006_0068_0068.jpg 1 23 6 68 68
0646_0019_0035_0055_0055.jpg 1 19 35 55 55
0647_0011_0032_0035_0035.jpg 1 11 32 35 35
0648_0010_0017_0069_0069.jpg 1 10 17 69 69
0649_0039_0025_0031_0031.jpg 1 39 25 31 31
0650_0024_0025_0044_0044.jpg 1 24 25 44 44
0651_0032_0008_0042_0042.jpg 1 32 8 42 42
0652_0030_0019_0046_0046.jpg 1 30 19 46 46
0653_0004_0023_0056_0056.jpg 1 4 23 56 56
0654_0013_0044_0034_0034.jpg 1 13 44 34 34
0655_0005_0035_0054_0054.jpg 1 5 35 54 54
0656_0017_0052_0029_0029.jpg 1 17 52 29 29
0657_0013_0033_0059_0059.jpg 1 13 33 59 59
0658_0005_0005_0050_0050.jpg 1 5 5 50 50
0659_0004_0028_0062_0062.jpg 1 4 28 62 62
0660_0011_0008_0043_0043.jpg 1 11 8 43 43
0661_0015_0020_0067_0067.jpg 1 15 20 67 67
0662_0008_0007_0037_0037.jpg 1 8 7 37 37
0663_0036_0005_0049_0049.jpg 1 36 5 49 49
0664_0007_0051_0032_0032.jpg 1 7 51 32 32
0665_0058_0017_0029_0029.jpg 1 58 17 29 29
0666_0034_0038_0038_0038.jpg 1 34 38 38 38
0667_0017_0035_0051_0051.jpg 1 17 35 51 51
0668_0019_0055_0029_0029.jpg 1 19 55 29 29
0669_0015_0017_0068_0068.jpg 1 15 17 68 68
0670_0035_0013_0050_0050.jpg 1 35 13 50 50
0671_0045_0048_0037_0037.jpg 1 45 48 37 37
0672_0023_0034_0057_0057.jpg 1 23 34 57 57
0673_0014_0042_0046_0046.jpg 1 14 42 46 46
0674_0008_0007_0067_0067.jpg 1 8 7 67 67
0675_0060_0033_0027_0027.jpg 1 60 33 27 27
0676_0020_0023_0025_0025.jpg 1 20 23 25 25
0677_0027_0020_0046_0046.jpg 1 27 20 46 46
0678_0038_0009_0056_0056.jpg 1 38 9 56 56
0679_0014_0014_0056_0056.jpg 1 14 14 56 56
0680_0041_0012_0050_0050.jpg 1 41 12 50 50
0681_0030_0010_0056_0056.jpg 1 30 10 56 56
0682_0016_0033_0043_0043.jpg 1 16 33 43 43
0683_0038_0027_0040_0040.jpg 1 38 27 40 40
0684_0027_0016_0029_0029.jpg 1 27 16 29 29
0685_0040_0038_0031_0031.jpg 1 40 38 31 31
0686_0018_0006_0066_0066.jpg 1 18 6 66 66
0687_0031_0035_0056_0056.jpg 1 31 35 56 56
0688_0050_0028_0041_0041.jpg 1 50 28 41 41
0689_0039_0005_0047_0047.jpg 1 39 5 47 47
0690_0030_0008_0045_0045.jpg 1 30 8 45 45
0691_0029_0022_0050_0050.jpg 1 29 22 50 50
0692_0004_0008_0053_0053.jpg 1 4 8 53 53
0693_0035_0012_0060_0060.jpg 1 35 12 60 60
0694_0030_0030_0053_0053.jpg 1 30 30 53 53
0695_0030_0017_0062_0062.jpg 1 30 17 62 62
0696_0016_0027_0066_0066.jpg 1 16 27 66 66
0697_0043_0046_0033_0033.jpg 1 43 46 33 33
0698_0028_0024_0062_0062.jpg 1 28 24 62 62
0699_0039_0029_0030_0030.jpg 1 39 29 30 30
0700_0010_0026_0058_0058.jpg 1 10 26 58 58
0701_0031_0016_0057_0057.jpg 1 31 16 57 57
0702_0033_0025_0055_0055.jpg 1 33 25 55 55
0703_0007_0041_0053_0053.jpg 1 7 41 53 53
0704_0028_0020_0025_0025.jpg 1 28 20 25 25
0705_0040_0033_0036_0036.jpg 1 40 33 36 36
0706_0029_0008_0044_0044.jpg 1 29 8 44 44
0707_0010_0029_0046_0046.jpg 1 10 29 46 46
0708_0036_0029_0057_0057.jpg 1 36 29 57 57
0709_0015_0037_0047_0047.jpg 1 15 37 47 47
0710_0020_0033_0038_0038.jpg 1 20 33 38 38
0711_0011_0024_0054_0054.jpg 1 11 24 54 54
0712_0010_0025_0058_0058.jpg 1 10 25 58 58
0713_0024_0014_0057_0057.jpg 1 24 14 57 57
0714_0008_0014_0063_0063.jpg 1 8 14 63 63
0715_0003_0020_0069_0069.jpg 1 3 20 69 69
0716_0040_0045_0047_0047.jpg 1 40 45 47 47
0717_0051_0051_0034_0034.jpg 1 51 51 34 34
0718_0026_0013_0048_0048.jpg 1 26 13 48 48
0719_0023_0008_0061_0061.jpg 1 23 8 61 61
0720_0044_0051_0042_0042.jpg 1 44 51 42 42
0721_0030_0019_0058_0058.jpg 1 30 19 58 58
0722_0040_0030_0026_0026.jpg 1 40 30 26 26
0723_0067_0066_0025_0025.jpg 1 67 66 25 25
0724_0013_0031_0047_0047.jpg 1 13 31 47 47
0725_0008_0009_0062_0062.jpg 1 8 9 62 62
0726_0014_0038_0027_0027.jpg 1 14 38 27 27
0727_0032_0029_0059_0059.jpg 1 32 29 59 59
0728_0014_0016_0055_0055.jpg 1 14 16 55 55
0729_0032_0042_0033_0033.jpg 1 32 42 33 33
0730_0024_0010_0069_0069.jpg 1 24 10 69 69
0731_0004_0024_0058_0058.jpg 1 4 24 58 58
0732_0007_0028_0059_0059.jpg 1 7 28 59 59
0733_0042_0055_0024_0024.jpg 1 42 55 24 24
0734_0009_0013_0046_0046.jpg 1 9 13 46 46
0735_0028_0023_0046_0046.jpg 1 28 23 46 46
0736_0037_0024_0049_0049.jpg 1 37 24 49 49
0737_0015_0006_0061_0061.jpg 1 15 6 61 61
0738_0043_0008_0039_0039.jpg 1 43 8 39 39
0739_0004_0025_0067_0067.jpg 1 4 25 67 67
0740_0049_0053_0036_0036.jpg 1 49 53 36 36
0741_0034_0017_0027_0027.jpg 1 34 17 27 27
0742_0020_0014_0036_0036.jpg 1 20 14 36 36
0743_0035_0045_0046_0046.jpg 1 35 45 46 46
0744_0024_0032_0054_0054.jpg 1 24 32 54 54
0745_0025_0007_0056_0056.jpg 1 25 7 56 56
0746_0029_0010_0056_0056.jpg 1 29 10 56 56
0747_0037_0014_0033_0033.jpg 1 37 14 33 33
0748_0027_0022_0069_0069.jpg 1 27 22 69 69
0749_0033_0026_0055_0055.jpg 1 33 26 55 55
0750_0034_0025_0059_0059.jpg 1 34 25 59 59
0751_0014_0027_0048_0048.jpg 1 14 27 48 48
0752_0018_0023_0068_0068.jpg 1 18 23 68 68
0753_0039_0050_0034_0034.jpg 1 39 50 34 34
0754_0045_0022_0045_0045.jpg 1 45 22 45 45
0755_0042_0033_0038_0038.jpg 1 42 33 38 38
0756_0014_0016_0050_0050.jpg 1 14 16 50 50
0757_0026_0009_0048_0048.jpg 1 26 9 48 48
0758_0043_0054_0033_0033.jpg 1 43 54 33 33
0759_0028_0014_0051_0051.jpg 1 28 14 51 51
0760_0014_0010_0067_0067.jpg 1 14 10 67 67
0761_0048_0035_0034_0034.jpg 1 48 35 34 34
0762_0033_0011_0060_0060.jpg 1 33 11 60 60
0763_0029_0044_0046_0046.jpg 1 29 44 46 46
0764_0015_0018_0055_0055.jpg 1 15 18 55 55
0765_0037_0028_0050_0050.jpg 1 37 28 50 50
0766_0037_0040_0053_0053.jpg 1 37 40 53 53
0767_0024_0012_0066_0066.jpg 1 24 12 66 66
0768_0006_0011_0055_0055.jpg 1 6 11 55 55
0769_0014_0013_0066_0066.jpg 1 14 13 66 66
0770_0010_0034_0052_0052.jpg 1 10 34 52 52
0771_0021_0032_0041_0041.jpg 1 21 32 41 41
0772_0015_0041_0025_0025.jpg 1 15 41 25 25
0773_0058_0008_0027_0027.jpg 1 58 8 27 27
0774_0032_0035_0049_0049.jpg 1 32 35 49 49
0775_0010_0014_0060_0060.jpg 1 10 14 60 60
0776_0011_0047_0025_0025.jpg 1 11 47 25 25
0777_0046_0060_0026_0026.jpg 1 46 60 26 26
0778_0023_0050_0040_0040.jpg 1 23 50 40 40
0779_0033_0019_0061_0061.jpg 1 33 19 61 61
0780_0010_0032_0045_0045.jpg 1 10 32 45 45
0781_0027_0014_0056_0056.jpg 1 27 14 56 56
0782_0061_0056_0024_0024.jpg 1 61 56 24 24
0783_0034_0008_0057_0057.jpg 1 34 8 57 57
0784_0028_0017_0065_0065.jpg 1 28 17 65 65
0785_0039_0020_0053_0053.jpg 1 39 20 53 53
0786_0006_0035_0053_0053.jpg 1 6 35 53 53
0787_0014_0009_0069_0069.jpg 1 14 9 69 69
0788_0039_0014_0048_0048.jpg 1 39 14 48 48
0789_0020_0015_0065_0065.jpg 1 20 15 65 65
0790_0029_0014_0055_0055.jpg 1 29 14 55 55
0791_0014_0024_0066_0066.jpg 1 14 24 66 66
0792_0024_0017_0060_0060.jpg 1 24 17 60 60
0793_0043_0052_0025_0025.jpg 1 43 52 25 25
0794_0034_0012_0045_0045.jpg 1 34 12 45 45
0795_0021_0024_0055_0055.jpg 1 21 24 55 55
0796_0031_0011_0063_0063.jpg 1 31 11 63 63
0797_0020_0050_0035_0035.jpg 1 20 50 35 35
0798_0018_0026_0028_0028.jpg 1 18 26 28 28
0799_0010_0037_0038_0038.jpg 1 10 37 38 38
0800_0042_0029_0048_0048.jpg 1 42 29 48 48
0801_0018_0061_0026_0026.jpg 1 18 61 26 26
0802_0007_0026_0063_0063.jpg 1 7 26 63 63
0803_0009_0037_0057_0057.jpg 1 9 37 57 57
0804_0047_0048_0044_0044.jpg 1 47 48 44 44
0805_0012_0029_0067_0067.jpg 1 12 29 67 67
0806_0010_0013_0063_0063.jpg 1 10 13 63 63
0807_0034_0051_0039_0039.jpg 1 34 51 39 39
0808_0021_0038_0051_0051.jpg 1 21 38 51 51
0809_0032_0020_0055_0055.jpg 1 32 20 55 55
0810_0015_0010_0055_0055.jpg 1 15 10 55 55
0811_0003_0026_0064_0064.jpg 1 3 26 64 64
0812_0007_0034_0053_0053.jpg 1 7 34 53 53
0813_0030_0033_0063_0063.jpg 1 30 33 63 63
0814_0027_0007_0065_0065.jpg 1 27 7 65 65
0815_0036_0056_0035_0035.jpg 1 36 56 35 35
0816_0047_0037_0032_0032.jpg 1 47 37 32 32
0817_0009_0044_0027_0027.jpg 1 9 44 27 27
0818_0004_0012_0068_0068.jpg 1 4 12 68 68
0819_0015_0037_0058_0058.jpg 1 15 37 58 58
0820_0017_0045_0031_0031.jpg 1 17 45 31 31
0821_0041_0044_0049_0049.jpg 1 41 44 49 49
0822_0019_0017_0062_0062.jpg 1 19 17 62 62
0823_0042_0033_0045_0045.jpg 1 42 33 45 45
0824_0036_0038_0054_0054.jpg 1 36 38 54 54
0825_0028_0056_0034_0034.jpg 1 28 56 34 34
0826_0004_0031_0058_0058.jpg 1 4 31 58 58
0827_0027_0021_0069_0069.jpg 1 27 21 69 69
0828_0011_0010_0069_0069.jpg 1 11 10 69 69
0829_0044_0010_0026_0026.jpg 1 44 10 26 26
0830_0036_0045_0043_0043.jpg 1 36 45 43 43
0831_0039_0046_0032_0032.jpg 1 39 46 32 32
0832_0014_0021_0026_0026.jpg 1 14 21 26 26
0833_0028_0018_0048_0048.jpg 1 28 18 48 48
0834_0053_0041_0026_0026.jpg 1 53 41 26 26
0835_0059_0033_0027_0027.jpg 1 59 33 27 27
0836_0048_0012_0043_0043.jpg 1 48 12 43 43
0837_0013_0008_0050_0050.jpg 1 13 8 50 50
0838_0026_0048_0036_0036.jpg 1 26 48 36 36
0839_0003_0008_0066_0066.jpg 1 3 8 66 66
0840_0019_0006_0054_0054.jpg 1 19 6 54 54
0841_0014_0038_0055_0055.jpg 1 14 38 55 55
0842_0015_0020_0058_0058.jpg 1 15 20 58 58
0843_0030_0053_0029_0029.jpg 1 30 53 29 29
0844_0008_0036_0037_0037.jpg 1 8 36 37 37
0845_0017_0014_0062_0062.jpg 1 17 14 62 62
0846_0026_0039_0027_0027.jpg 1 26 39 27 27
0847_0012_0020_0057_0057.jpg 1 12 20 57 57
0848_0050_0026_0029_0029.jpg 1 50 26 29 29
0849_0063_0008_0024_0024.jpg 1 63 8 24 24
0850_0041_0043_0037_0037.jpg 1 41 43 37 37
0851_0051_0011_0040_0040.jpg 1 51 11 40 40
0852_0035_0021_0056_0056.jpg 1 35 21 56 56
0853_0023_0012_0066_0066.jpg 1 23 12 66 66
0854_0023_0025_0062_0062.jpg 1 23 25 62 62
0855_0028_0026_0026_0026.jpg 1 28 26 26 26
0856_0011_0030_0059_0059.jpg 1 11 30 59 59
0857_0013_0027_0056_0056.jpg 1 13 27 56 56
0858_0053_0058_0024_0024.jpg 1 53 58 24 24
0859_0010_0008_0065_0065.jpg 1 10 8 65 65
0860_0018_0035_0055_0055.jpg 1 18 35 55 55
0861_0012_0034_0058_0058.jpg 1 12 34 58 58
0862_0050_0022_0039_0039.jpg 1 50 22 39 39
0863_0021_0028_0057_0057.jpg 1 21 28 57 57
0864_0014_0016_0056_0056.jpg 1 14 16 56 56
0865_0030_0023_0033_0033.jpg 1 30 23 33 33
0866_0014_0042_0049_0049.jpg 1 14 42 49 49
0867_0053_0009_0033_0033.jpg 1 53 9 33 33
0868_0033_0008_0058_0058.jpg 1 33 8 58 58
0869_0042_0031_0036_0036.jpg 1 42 31 36 36
0870_0004_0005_0069_0069.jpg 1 4 5 69 69
0871_0012_0021_0063_0063.jpg 1 12 21 63 63
0872_0023_0009_0065_0065.jpg 1 23 9 65 65
0873_0024_0040_0040_0040.jpg 1 24 40 40 40
0874_0023_0022_0051_0051.jpg 1 23 22 51 51
0875_0020_0042_0043_0043.jpg 1 20 42 43 43
0876_0025_0020_0068_0068.jpg 1 25 20 68 68
0877_0010_0034_0051_0051.jpg 1 10 34 51 51
0878_0014_0040_0050_0050.jpg 1 14 40 50 50
0879_0037_0043_0046_0046.jpg 1 37 43 46 46
0880_0005_0004_0068_0068.jpg 1 5 4 68 68
0881_0008_0006_0068_0068.jpg 1 8 6 68 68
0882_0034_0052_0038_0038.jpg 1 34 52 38 38
0883_0022_0013_0066_0066.jpg 1 22 13 66 66
0884_0021_0030_0065_0065.jpg 1 21 30 65 65
0885_0009_0013_0033_0033.jpg 1 9 13 33 33
0886_0015_0031_0046_0046.jpg 1 15 31 46 46
0887_0022_0014_0068_0068.jpg 1 22 14 68 68
0888_0008_0007_0030_0030.jpg 1 8 7 30 30
0889_0029_0018_0049_0049.jpg 1 29 18 49 49
0890_0013_0027_0041_0041.jpg 1 13 27 41 41
0891_0012_0019_0043_0043.jpg 1 12 19 43 43
0892_0009_0016_0066_0066.jpg 1 9 16 66 66
0893_0035_0029_0051_0051.jpg 1 35 29 51 51
0894_0033_0033_0058_0058.jpg 1 33 33 58 58
0895_0033_0038_0044_0044.jpg 1 33 38 44 44
0896_0030_0024_0060_0060.jpg 1 30 24 60 60
0897_0006_0015_0058_0058.jpg 1 6 15 58 58
0898_0055_0038_0030_0030.jpg 1 55 38 30 30
0899_0036_0027_0057_0057.jpg 1 36 27 57 57
0900_0039_0045_0035_0035.jpg 1 39 45 35 35
0901_0004_0018_0064_0064.jpg 1 4 18 64 64
0902_0019_0021_0026_0026.jpg 1 19 21 26 26
0903_0029_0021_0064_0064.jpg 1 29 21 64 64
0904_0023_0043_0048_0048.jpg 1 23 43 48 48
0905_0026_0043_0042_0042.jpg 1 26 43 42 42
0906_0005_0031_0053_0053.jpg 1 5 31 53 53
0907_0010_0043_0046_0046.jpg 1 10 43 46 46
0908_0017_0031_0060_0060.jpg 1 17 31 60 60
0909_0028_0022_0065_0065.jpg 1 28 22 65 65
0910_0013_0026_0048_0048.jpg 1 13 26 48 48
0911_0035_0036_0035_0035.jpg 1 35 36 35 35
0912_0038_0010_0047_0047.jpg 1 38 10 47 47
0913_0031_0065_0024_0024.jpg 1 31 65 24 24
0914_0030_0023_0060_0060.jpg 1 30 23 60 60
0915_0022_0009_0057_0057.jpg 1 22 9 57 57
0916_0015_0015_0050_0050.jpg 1 15 15 50 50
0917_0017_0035_0060_0060.jpg 1 17 35 60 60
0918_0030_0008_0065_0065.jpg 1 30 8 65 65
0919_0013_0031_0033_0033.jpg 1 13 31 33 33
0920_0056_0056_0037_0037.jpg 1 56 56 37 37
0921_0025_0026_0055_0055.jpg 1 25 26 55 55
0922_0053_0061_0031_0031.jpg 1 53 61 31 31
0923_0037_0055_0035_0035.jpg 1 37 55 35 35
0924_0035_0030_0040_0040.jpg 1 35 30 40 40
0925_0393_0033_0058_0058.jpg 1 393 33 58 58
0926_0030_0037_0048_0048.jpg 1 30 37 48 48
0927_0046_0063_0029_0029.jpg 1 46 63 29 29
0928_0028_0024_0061_0061.jpg 1 28 24 61 61
0929_0011_0035_0030_0030.jpg 1 11 35 30 30
0930_0055_0030_0024_0024.jpg 1 55 30 24 24
0931_0027_0025_0045_0045.jpg 1 27 25 45 45
0932_0008_0056_0036_0036.jpg 1 8 56 36 36
0933_0020_0020_0061_0061.jpg 1 20 20 61 61
0934_0005_0038_0054_0054.jpg 1 5 38 54 54
0935_0022_0028_0050_0050.jpg 1 22 28 50 50
0936_0015_0003_0065_0065.jpg 1 15 3 65 65
0937_0056_0060_0024_0024.jpg 1 56 60 24 24
0938_0013_0005_0059_0059.jpg 1 13 5 59 59
0939_0010_0009_0044_0044.jpg 1 10 9 44 44
0940_0021_0008_0067_0067.jpg 1 21 8 67 67
0941_0033_0023_0027_0027.jpg 1 33 23 27 27
0942_0021_0012_0053_0053.jpg 1 21 12 53 53
0943_0010_0032_0031_0031.jpg 1 10 32 31 31
0944_0034_0030_0049_0049.jpg 1 34 30 49 49
0945_0042_0036_0049_0049.jpg 1 42 36 49 49
0946_0007_0017_0068_0068.jpg 1 7 17 68 68
0947_0049_0016_0040_0040.jpg 1 49 16 40 40
0948_0039_0049_0041_0041.jpg 1 39 49 41 41
0949_0017_0012_0058_0058.jpg 1 17 12 58 58
0950_0010_0042_0042_0042.jpg 1 10 42 42 42
0951_0013_0005_0054_0054.jpg 1 13 5 54 54
0952_0033_0026_0051_0051.jpg 1 33 26 51 51
0953_0042_0042_0052_0052.jpg 1 42 42 52 52
0954_0012_0022_0066_0066.jpg 1 12 22 66 66
0955_0045_0051_0041_0041.jpg 1 45 51 41 41
0956_0008_0019_0063_0063.jpg 1 8 19 63 63
0957_0043_0016_0033_0033.jpg 1 43 16 33 33
0958_0022_0022_0056_0056.jpg 1 22 22 56 56
0959_0043_0042_0050_0050.jpg 1 43 42 50 50
0960_0010_0020_0061_0061.jpg 1 10 20 61 61
0961_0025_0006_0057_0057.jpg 1 25 6 57 57
0962_0013_0016_0029_0029.jpg 1 13 16 29 29
0963_0029_0022_0058_0058.jpg 1 29 22 58 58
0964_0052_0053_0039_0039.jpg 1 52 53 39 39
0965_0050_0011_0024_0024.jpg 1 50 11 24 24
0966_0013_0006_0062_0062.jpg 1 13 6 62 62
0967_0026_0027_0060_0060.jpg 1 26 27 60 60
0968_0018_0008_0052_0052.jpg 1 18 8 52 52
0969_0020_0023_0066_0066.jpg 1 20 23 66 66
0970_0013_0017_0041_0041.jpg 1 13 17 41 41
0971_0016_0006_0064_0064.jpg 1 16 6 64 64
0972_0006_0022_0057_0057.jpg 1 6 22 57 57
0973_0006_0004_0065_0065.jpg 1 6 4 65 65
0974_0027_0016_0069_0069.jpg 1 27 16 69 69
0975_0020_0029_0040_0040.jpg 1 20 29 40 40
0976_0046_0015_0031_0031.jpg 1 46 15 31 31
0977_0037_0016_0024_0024.jpg 1 37 16 24 24
0978_0008_0021_0025_0025.jpg 1 8 21 25 25
0979_0027_0025_0059_0059.jpg 1 27 25 59 59
0980_0031_0008_0064_0064.jpg 1 31 8 64 64
0981_0035_0043_0037_0037.jpg 1 35 43 37 37
0982_0024_0022_0057_0057.jpg 1 24 22 57 57
0983_0031_0021_0064_0064.jpg 1 31 21 64 64
0984_0037_0025_0040_0040.jpg 1 37 25 40 40
0985_0008_0020_0069_0069.jpg 1 8 20 69 69
0986_0033_0032_0057_0057.jpg 1 33 32 57 57
0987_0045_0035_0037_0037.jpg 1 45 35 37 37
0988_0006_0026_0042_0042.jpg 1 6 26 42 42
0989_0018_0029_0055_0055.jpg 1 18 29 55 55
0990_0017_0040_0054_0054.jpg 1 17 40 54 54
0991_0005_0011_0065_0065.jpg 1 5 11 65 65
0992_0031_0021_0062_0062.jpg 1 31 21 62 62
0993_0018_0022_0030_0030.jpg 1 18 22 30 30
0994_0020_0013_0063_0063.jpg 1 20 13 63 63
0995_0025_0054_0032_0032.jpg 1 25 54 32 32
0996_0020_0032_0045_0045.jpg 1 20 32 45 45
0997_0031_0064_0026_0026.jpg 1 31 64 26 26
0998_0033_0047_0043_0043.jpg 1 33 47 43 43
0999_0034_0014_0046_0046.jpg 1 34 14 46 46
1000_0024_0023_0035_0035.jpg 1 24 23 35 35
1001_0027_0011_0026_0026.jpg 1 27 11 26 26
1002_0055_0014_0027_0027.jpg 1 55 14 27 27
1003_0011_0011_0067_0067.jpg 1 11 11 67 67
1004_0011_0035_0057_0057.jpg 1 11 35 57 57
1005_0026_0026_0066_0066.jpg 1 26 26 66 66
1006_0034_0016_0055_0055.jpg 1 34 16 55 55
1007_0037_0008_0040_0040.jpg 1 37 8 40 40
1008_0052_0011_0041_0041.jpg 1 52 11 41 41
1009_0025_0038_0052_0052.jpg 1 25 38 52 52
1010_0022_0043_0029_0029.jpg 1 22 43 29 29
1011_0044_0011_0041_0041.jpg 1 44 11 41 41
1012_0005_0025_0058_0058.jpg 1 5 25 58 58
1013_0015_0040_0027_0027.jpg 1 15 40 27 27
1014_0031_0022_0026_0026.jpg 1 31 22 26 26
1015_0019_0039_0043_0043.jpg 1 19 39 43 43
1016_0004_0025_0064_0064.jpg 1 4 25 64 64
1017_0020_0009_0057_0057.jpg 1 20 9 57 57
1018_0028_0021_0068_0068.jpg 1 28 21 68 68
1019_0023_0016_0069_0069.jpg 1 23 16 69 69
1020_0014_0030_0057_0057.jpg 1 14 30 57 57
1021_0043_0046_0033_0033.jpg 1 43 46 33 33
1022_0014_0045_0032_0032.jpg 1 14 45 32 32
1023_0027_0019_0066_0066.jpg 1 27 19 66 66
1024_0029_0009_0063_0063.jpg 1 29 9 63 63
1025_0013_0030_0064_0064.jpg 1 13 30 64 64
1026_0005_0015_0061_0061.jpg 1 5 15 61 61
1027_0052_0033_0036_0036.jpg 1 52 33 36 36
1028_0017_0059_0024_0024.jpg 1 17 59 24 24
1029_0014_0028_0026_0026.jpg 1 14 28 26 26
1030_0032_0036_0040_0040.jpg 1 32 36 40 40
1031_0019_0033_0039_0039.jpg 1 19 33 39 39
1032_0040_0031_0040_0040.jpg 1 40 31 40 40
1033_0021_0006_0067_0067.jpg 1 21 6 67 67
1034_0037_0033_0054_0054.jpg 1 37 33 54 54
1035_0022_0017_0066_0066.jpg 1 22 17 66 66
1036_0028_0023_0066_0066.jpg 1 28 23 66 66
1037_0024_0018_0067_0067.jpg 1 24 18 67 67
1038_0023_0024_0044_0044.jpg 1 23 24 44 44
1039_0028_0012_0045_0045.jpg 1 28 12 45 45
1040_0015_0008_0057_0057.jpg 1 15 8 57 57
1041_0023_0008_0055_0055.jpg 1 23 8 55 55
1042_0020_0028_0059_0059.jpg 1 20 28 59 59
1043_0036_0043_0037_0037.jpg 1 36 43 37 37
1044_0008_0009_0028_0028.jpg 1 8 9 28 28
1045_0009_0040_0033_0033.jpg 1 9 40 33 33
1046_0039_0040_0041_0041.jpg 1 39 40 41 41
1047_0007_0011_0069_0069.jpg 1 7 11 69 69
1048_0044_0061_0031_0031.jpg 1 44 61 31 31
1049_0020_0024_0054_0054.jpg 1 20 24 54 54
1050_0016_0025_0061_0061.jpg 1 16 25 61 61
1051_0009_0047_0039_0039.jpg 1 9 47 39 39
1052_0009_0048_0032_0032.jpg 1 9 48 32 32
1053_0021_0012_0062_0062.jpg 1 21 12 62 62
1054_0028_0013_0063_0063.jpg 1 28 13 63 63
1055_0062_0008_0028_0028.jpg 1 62 8 28 28
1056_0003_0023_0063_0063.jpg 1 3 23 63 63
1057_0030_0039_0054_0054.jpg 1 30 39 54 54
1058_0013_0016_0050_0050.jpg 1 13 16 50 50
1059_0049_0047_0028_0028.jpg 1 49 47 28 28
1060_0047_0047_0032_0032.jpg 1 47 47 32 32
1061_0017_0025_0066_0066.jpg 1 17 25 66 66
1062_0011_0030_0066_0066.jpg 1 11 30 66 66
1063_0004_0024_0058_0058.jpg 1 4 24 58 58
1064_0024_0034_0032_0032.jpg 1 24 34 32 32
1065_0028_0019_0055_0055.jpg 1 28 19 55 55
1066_0035_0011_0056_0056.jpg 1 35 11 56 56
1067_0013_0023_0036_0036.jpg 1 13 23 36 36
1068_0022_0009_0052_0052.jpg 1 22 9 52 52
1069_0025_0011_0062_0062.jpg 1 25 11 62 62
1070_0037_0022_0049_0049.jpg 1 37 22 49 49
1071_0012_0024_0060_0060.jpg 1 12 24 60 60
1072_0015_0028_0035_0035.jpg 1 15 28 35 35
1073_0049_0054_0039_0039.jpg 1 49 54 39 39
1074_0021_0026_0067_0067.jpg 1 21 26 67 67
1075_0013_0046_0039_0039.jpg 1 13 46 39 39
1076_0018_0056_0030_0030.jpg 1 18 56 30 30
1077_0017_0032_0064_0064.jpg 1 17 32 64 64
1078_0025_0012_0064_0064.jpg 1 25 12 64 64
1079_0021_0039_0053_0053.jpg 1 21 39 53 53
1080_0057_0042_0034_0034.jpg 1 57 42 34 34
1081_0018_0027_0029_0029.jpg 1 18 27 29 29
1082_0026_0041_0043_0043.jpg 1 26 41 43 43
1083_0006_0026_0069_0069.jpg 1 6 26 69 69
1084_0019_0030_0062_0062.jpg 1 19 30 62 62
1085_0033_0030_0044_0044.jpg 1 33 30 44 44
1086_0006_0039_0042_0042.jpg 1 6 39 42 42
1087_0042_0054_0028_0028.jpg 1 42 54 28 28
1088_0029_0003_0066_0066.jpg 1 29 3 66 66
1089_0045_0022_0040_0040.jpg 1 45 22 40 40
1090_0009_0029_0040_0040.jpg 1 9 29 40 40
1091_0010_0021_0060_0060.jpg 1 10 21 60 60
1092_0018_0017_0035_0035.jpg 1 18 17 35 35
1093_0028_0008_0027_0027.jpg 1 28 8 27 27
1094_0025_0053_0030_0030.jpg 1 25 53 30 30
1095_0032_0010_0059_0059.jpg 1 32 10 59 59
1096_0033_0038_0051_0051.jpg 1 33 38 51 51
1097_0039_0035_0047_0047.jpg 1 39 35 47 47
1098_0022_0011_0069_0069.jpg 1 22 11 69 69
1099_0051_0021_0032_0032.jpg 1 51 21 32 32
1100_0017_0027_0043_0043.jpg 1 17 27 43 43
1101_0025_0053_0034_0034.jpg 1 25 53 34 34
1102_0039_0031_0025_0025.jpg 1 39 31 25 25
1103_0015_0035_0033_0033.jpg 1 15 35 33 33
1104_0009_0041_0029_0029.jpg 1 9 41 29 29
1105_0060_0056_0030_0030.jpg 1 60 56 30 30
1106_0047_0048_0045_0045.jpg 1 47 48 45 45
1107_0026_0007_0067_0067.jpg 1 26 7 67 67
1108_0016_0011_0054_0054.jpg 1 16 11 54 54
1109_0027_0024_0052_0052.jpg 1 27 24 52 52
1110_0009_0029_0060_0060.jpg 1 9 29 60 60
1111_0032_0033_0029_0029.jpg 1 32 33 29 29
1112_0033_0020_0059_0059.jpg 1 33 20 59 59
1113_0041_0058_0027_0027.jpg 1 41 58 27 27
1114_0034_0025_0030_0030.jpg 1 34 25 30 30
1115_0041_0037_0032_0032.jpg 1 41 37 32 32
1116_0013_0026_0062_0062.jpg 1 13 26 62 62
1117_0024_0008_0055_0055.jpg 1 24 8 55 55
1118_0004_0013_0060_0060.jpg 1 4 13 60 60
1119_0045_0047_0028_0028.jpg 1 45 47 28 28
1120_0003_0012_0064_0064.jpg 1 3 12 64 64
1121_0020_0021_0068_0068.jpg 1 20 21 68 68
1122_0026_0026_0033_0033.jpg 1 26 26 33 33
1123_0038_0036_0049_0049.jpg 1 38 36 49 49
1124_0018_0028_0061_0061.jpg 1 18 28 61 61
1125_0017_0015_0050_0050.jpg 1 17 15 50 50
1126_0030_0021_0026_0026.jpg 1 30 21 26 26
1127_0052_0015_0026_0026.jpg 1 52 15 26 26
1128_0005_0011_0059_0059.jpg 1 5 11 59 59
1129_0027_0015_0068_0068.jpg 1 27 15 68 68
1130_0006_0006_0063_0063.jpg 1 6 6 63 63
1131_0027_0017_0060_0060.jpg 1 27 17 60 60
1132_0009_0062_0025_0025.jpg 1 9 62 25 25
1133_0014_0010_0054_0054.jpg 1 14 10 54 54
1134_0042_0067_0024_0024.jpg 1 42 67 24 24
1135_0018_0012_0053_0053.jpg 1 18 12 53 53
1136_0046_0055_0027_0027.jpg 1 46 55 27 27
1137_0005_0022_0061_0061.jpg 1 5 22 61 61
1138_0030_0045_0045_0045.jpg 1 30 45 45 45
1139_0014_0027_0058_0058.jpg 1 14 27 58 58
1140_0032_0027_0059_0059.jpg 1 32 27 59 59
1141_0039_0057_0032_0032.jpg 1 39 57 32 32
1142_0027_0035_0047_0047.jpg 1 27 35 47 47
1143_0019_0019_0031_0031.jpg 1 19 19 31 31
1144_0040_0010_0048_0048.jpg 1 40 10 48 48
1145_0013_0022_0040_0040.jpg 1 13 22 40 40
1146_0024_0018_0036_0036.jpg 1 24 18 36 36
1147_0028_0008_0029_0029.jpg 1 28 8 29 29
1148_0037_0050_0040_0040.jpg 1 37 50 40 40
1149_0017_0024_0069_0069.jpg 1 17 24 69 69
1150_0043_0020_0047_0047.jpg 1 43 20 47 47
1151_0018_0007_0043_0043.jpg 1 18 7 43 43
1152_0007_0009_0063_0063.jpg 1 7 9 63 63
1153_0016_0024_0032_0032.jpg 1 16 24 32 32
1154_0039_0054_0038_0038.jpg 1 39 54 38 38
1155_0028_0004_0060_0060.jpg 1 28 4 60 60
1156_0009_0017_0047_0047.jpg 1 9 17 47 47
1157_0022_0019_0059_0059.jpg 1 22 19 59 59
1158_0035_0036_0030_0030.jpg 1 35 36 30 30
1159_0004_0015_0068_0068.jpg 1 4 15 68 68
1160_0034_0042_0048_0048.jpg 1 34 42 48 48
1161_0040_0035_0049_0049.jpg 1 40 35 49 49
1162_0017_0017_0050_0050.jpg 1 17 17 50 50
1163_0016_0037_0037_0037.jpg 1 16 37 37 37
1164_0060_0017_0030_0030.jpg 1 60 17 30 30
1165_0056_0055_0031_0031.jpg 1 56 55 31 31
1166_0027_0036_0052_0052.jpg 1 27 36 52 52
1167_0009_0010_0054_0054.jpg 1 9 10 54 54
1168_0021_0021_0054_0054.jpg 1 21 21 54 54
1169_0004_0023_0068_0068.jpg 1 4 23 68 68
1170_0033_0016_0044_0044.jpg 1 33 16 44 44
1171_0010_0005_0054_0054.jpg 1 10 5 54 54
1172_0042_0012_0049_0049.jpg 1 42 12 49 49
1173_0022_0011_0064_0064.jpg 1 22 11 64 64
1174_0012_0051_0042_0042.jpg 1 12 51 42 42
1175_0004_0012_0063_0063.jpg 1 4 12 63 63
1176_0019_0053_0037_0037.jpg 1 19 53 37 37
1177_0040_0039_0032_0032.jpg 1 40 39 32 32
1178_0027_0005_0059_0059.jpg 1 27 5 59 59
1179_0040_0031_0052_0052.jpg 1 40 31 52 52
1180_0030_0033_0035_0035.jpg 1 30 33 35 35
1181_0029_0009_0065_0065.jpg 1 29 9 65 65
1182_0012_0025_0027_0027.jpg 1 12 25 27 27
1183_0028_0028_0046_0046.jpg 1 28 28 46 46
1184_0026_0013_0058_0058.jpg 1 26 13 58 58
1185_0011_0010_0059_0059.jpg 1 11 10 59 59
1186_0048_0008_0043_0043.jpg 1 48 8 43 43
1187_0056_0030_0028_0028.jpg 1 56 30 28 28
1188_0021_0018_0061_0061.jpg 1 21 18 61 61
1189_0013_0029_0065_0065.jpg 1 13 29 65 65
1190_0020_0029_0035_0035.jpg 1 20 29 35 35
1191_0031_0012_0040_0040.jpg 1 31 12 40 40
1192_0035_0031_0053_0053.jpg 1 35 31 53 53
1193_0028_0020_0061_0061.jpg 1 28 20 61 61
1194_0035_0060_0030_0030.jpg 1 35 60 30 30
1195_0017_0007_0069_0069.jpg 1 17 7 69 69
1196_0029_0026_0057_0057.jpg 1 29 26 57 57
1197_0028_0057_0026_0026.jpg 1 28 57 26 26
1198_0004_0013_0056_0056.jpg 1 4 13 56 56
1199_0039_0032_0052_0052.jpg 1 39 32 52 52
1200_0019_0019_0054_0054.jpg 1 19 19 54 54
1201_0037_0029_0051_0051.jpg 1 37 29 51 51
1202_0033_0018_0059_0059.jpg 1 33 18 59 59
1203_0053_0040_0036_0036.jpg 1 53 40 36 36
1204_0020_0032_0031_0031.jpg 1 20 32 31 31
1205_0041_0007_0042_0042.jpg 1 41 7 42 42
1206_0038_0015_0051_0051.jpg 1 38 15 51 51
1207_0048_0016_0043_0043.jpg 1 48 16 43 43
1208_0027_0018_0047_0047.jpg 1 27 18 47 47
1209_0016_0013_0066_0066.jpg 1 16 13 66 66
1210_0019_0005_0068_0068.jpg 1 19 5 68 68
1211_0008_0010_0028_0028.jpg 1 8 10 28 28
1212_0038_0033_0039_0039.jpg 1 38 33 39 39
1213_0016_0037_0037_0037.jpg 1 16 37 37 37
1214_0050_0016_0029_0029.jpg 1 50 16 29 29
1215_0016_0040_0047_0047.jpg 1 16 40 47 47
1216_0036_0022_0027_0027.jpg 1 36 22 27 27
1217_0010_0048_0031_0031.jpg 1 10 48 31 31
1218_0051_0042_0042_0042.jpg 1 51 42 42 42
1219_0006_0042_0046_0046.jpg 1 6 42 46 46
1220_0039_0038_0025_0025.jpg 1 39 38 25 25
1221_0025_0024_0052_0052.jpg 1 25 24 52 52
1222_0016_0023_0069_0069.jpg 1 16 23 69 69
1223_0022_0031_0029_0029.jpg 1 22 31 29 29
1224_0039_0018_0030_0030.jpg 1 39 18 30 30
1225_0029_0039_0043_0043.jpg 1 29 39 43 43
1226_0050_0032_0024_0024.jpg 1 50 32 24 24
1227_0040_0020_0045_0045.jpg 1 40 20 45 45
1228_0023_0014_0068_0068.jpg 1 23 14 68 68
1229_0028_0014_0055_0055.jpg 1 28 14 55 55
1230_0012_0012_0052_0052.jpg 1 12 12 52 52
1231_0038_0026_0033_0033.jpg 1 38 26 33 33
1232_0018_0008_0066_0066.jpg 1 18 8 66 66
1233_0019_0004_0055_0055.jpg 1 19 4 55 55
1234_0052_0010_0040_0040.jpg 1 52 10 40 40
1235_0017_0054_0034_0034.jpg 1 17 54 34 34
1236_0021_0017_0028_0028.jpg 1 21 17 28 28
1237_0014_0031_0053_0053.jpg 1 14 31 53 53
1238_0050_0018_0037_0037.jpg 1 50 18 37 37
1239_0008_0038_0035_0035.jpg 1 8 38 35 35
1240_0009_0028_0043_0043.jpg 1 9 28 43 43
1241_0020_0029_0064_0064.jpg 1 20 29 64 64
1242_0022_0005_0068_0068.jpg 1 22 5 68 68
1243_0029_0010_0048_0048.jpg 1 29 10 48 48
1244_0011_0010_0061_0061.jpg 1 11 10 61 61
1245_0044_0028_0039_0039.jpg 1 44 28 39 39
1246_0014_0017_0069_0069.jpg 1 14 17 69 69
1247_0019_0020_0064_0064.jpg 1 19 20 64 64
1248_0006_0033_0042_0042.jpg 1 6 33 42 42
1249_0025_0013_0061_0061.jpg 1 25 13 61 61
1250_0017_0029_0056_0056.jpg 1 17 29 56 56
1251_0020_0019_0040_0040.jpg 1 20 19 40 40
1252_0014_0037_0028_0028.jpg 1 14 37 28 28
1253_0060_0039_0029_0029.jpg 1 60 39 29 29
1254_0006_0042_0047_0047.jpg 1 6 42 47 47
1255_0034_0016_0058_0058.jpg 1 34 16 58 58
1256_0043_0040_0028_0028.jpg 1 43 40 28 28
1257_0015_0031_0065_0065.jpg 1 15 31 65 65
1258_0042_0009_0044_0044.jpg 1 42 9 44 44
1259_0036_0009_0031_0031.jpg 1 36 9 31 31
1260_0011_0015_0030_0030.jpg 1 11 15 30 30
1261_0035_0019_0056_0056.jpg 1 35 19 56 56
1262_0024_0015_0062_0062.jpg 1 24 15 62 62
1263_0019_0035_0038_0038.jpg 1 19 35 38 38
1264_0036_0038_0057_0057.jpg 1 36 38 57 57
1265_0054_0009_0030_0030.jpg 1 54 9 30 30
1266_0009_0019_0047_0047.jpg 1 9 19 47 47
1267_0037_0042_0051_0051.jpg 1 37 42 51 51
1268_0015_0035_0058_0058.jpg 1 15 35 58 58
1269_0038_0019_0055_0055.jpg 1 38 19 55 55
1270_0005_0021_0068_0068.jpg 1 5 21 68 68
1271_0022_0028_0059_0059.jpg 1 22 28 59 59
1272_0028_0014_0059_0059.jpg 1 28 14 59 59
1273_0053_0014_0025_0025.jpg 1 53 14 25 25
1274_0022_0045_0027_0027.jpg 1 22 45 27 27
1275_0043_0049_0029_0029.jpg 1 43 49 29 29
1276_0050_0043_0037_0037.jpg 1 50 43 37 37
1277_0012_0026_0045_0045.jpg 1 12 26 45 45
1278_0012_0041_0037_0037.jpg 1 12 41 37 37
1279_0007_0020_0066_0066.jpg 1 7 20 66 66
1280_0035_0012_0041_0041.jpg 1 35 12 41 41
1281_0030_0030_0047_0047.jpg 1 30 30 47 47
1282_0031_0029_0049_0049.jpg 1 31 29 49 49
1283_0020_0010_0056_0056.jpg 1 20 10 56 56
1284_0006_0009_0065_0065.jpg 1 6 9 65 65
1285_0038_0013_0042_0042.jpg 1 38 13 42 42
1286_0007_0032_0061_0061.jpg 1 7 32 61 61
1287_0037_0019_0052_0052.jpg 1 37 19 52 52
1288_0040_0005_0048_0048.jpg 1 40 5 48 48
1289_0024_0038_0047_0047.jpg 1 24 38 47 47
1290_0023_0022_0064_0064.jpg 1 23 22 64 64
1291_0028_0024_0046_0046.jpg 1 28 24 46 46
1292_0028_0053_0027_0027.jpg 1 28 53 27 27
1293_0012_0010_0052_0052.jpg 1 12 10 52 52
1294_0011_0013_0068_0068.jpg 1 11 13 68 68
1295_0008_0045_0034_0034.jpg 1 8 45 34 34
1296_0040_0027_0053_0053.jpg 1 40 27 53 53
1297_0005_0005_0053_0053.jpg 1 5 5 53 53
1298_0006_0031_0054_0054.jpg 1 6 31 54 54
1299_0009_0024_0054_0054.jpg 1 9 24 54 54
1300_0060_0018_0028_0028.jpg 1 60 18 28 28
1301_0037_0043_0049_0049.jpg 1 37 43 49 49
1302_0041_0035_0040_0040.jpg 1 41 35 40 40
1303_0026_0048_0042_0042.jpg 1 26 48 42 42
1304_0004_0022_0064_0064.jpg 1 4 22 64 64
1305_0025_0017_0062_0062.jpg 1 25 17 62 62
1306_0018_0018_0065_0065.jpg 1 18 18 65 65
1307_0036_0010_0025_0025.jpg 1 36 10 25 25
1308_0045_0022_0042_0042.jpg 1 45 22 42 42
1309_0007_0056_0024_0024.jpg 1 7 56 24 24
1310_0023_0066_0024_0024.jpg 1 23 66 24 24
1311_0052_0012_0026_0026.jpg 1 52 12 26 26
1312_0022_0005_0062_0062.jpg 1 22 5 62 62
1313_0045_0053_0030_0030.jpg 1 45 53 30 30
1314_0012_0027_0064_0064.jpg 1 12 27 64 64
1315_0041_0017_0026_0026.jpg 1 41 17 26 26
1316_0015_0010_0028_0028.jpg 1 15 10 28 28
1317_0033_0027_0057_0057.jpg 1 33 27 57 57
1318_0042_0021_0041_0041.jpg 1 42 21 41 41
1319_0006_0013_0059_0059.jpg 1 6 13 59 59
1320_0036_0064_0026_0026.jpg 1 36 64 26 26
1321_0029_0021_0044_0044.jpg 1 29 21 44 44
1322_0019_0011_0066_0066.jpg 1 19 11 66 66
1323_0012_0020_0067_0067.jpg 1 12 20 67 67
1324_0019_0040_0053_0053.jpg 1 19 40 53 53
1325_0029_0009_0059_0059.jpg 1 29 9 59 59
1326_0015_0017_0068_0068.jpg 1 15 17 68 68
1327_0025_0010_0066_0066.jpg 1 25 10 66 66
1328_0036_0005_0059_0059.jpg 1 36 5 59 59
1329_0025_0035_0027_0027.jpg 1 25 35 27 27
1330_0035_0026_0048_0048.jpg 1 35 26 48 48
1331_0022_0009_0054_0054.jpg 1 22 9 54 54
1332_0005_0003_0067_0067.jpg 1 5 3 67 67
1333_0028_0008_0055_0055.jpg 1 28 8 55 55
1334_0024_0017_0059_0059.jpg 1 24 17 59 59
1335_0018_0042_0042_0042.jpg 1 18 42 42 42
1336_0015_0015_0061_0061.jpg 1 15 15 61 61
1337_0021_0007_0066_0066.jpg 1 21 7 66 66
1338_0038_0006_0049_0049.jpg 1 38 6 49 49
1339_0045_0036_0031_0031.jpg 1 45 36 31 31
1340_0008_0017_0048_0048.jpg 1 8 17 48 48
1341_0044_0049_0033_0033.jpg 1 44 49 33 33
1342_0046_0020_0036_0036.jpg 1 46 20 36 36
1343_0032_0019_0029_0029.jpg 1 32 19 29 29
1344_0050_0023_0024_0024.jpg 1 50 23 24 24
1345_0009_0012_0053_0053.jpg 1 9 12 53 53
1346_0040_0008_0054_0054.jpg 1 40 8 54 54
1347_0023_0038_0028_0028.jpg 1 23 38 28 28
1348_0006_0023_0063_0063.jpg 1 6 23 63 63
1349_0030_0042_0046_0046.jpg 1 30 42 46 46
1350_0015_0027_0061_0061.jpg 1 15 27 61 61
1351_0015_0010_0045_0045.jpg 1 15 10 45 45
1352_0058_0047_0034_0034.jpg 1 58 47 34 34
1353_0013_0012_0066_0066.jpg 1 13 12 66 66
1354_0029_0041_0044_0044.jpg 1 29 41 44 44
1355_0035_0015_0036_0036.jpg 1 35 15 36 36
1356_0049_0024_0035_0035.jpg 1 49 24 35 35
1357_0046_0013_0040_0040.jpg 1 46 13 40 40
1358_0011_0034_0060_0060.jpg 1 11 34 60 60
1359_0030_0024_0038_0038.jpg 1 30 24 38 38
1360_0025_0031_0046_0046.jpg 1 25 31 46 46
1361_0008_0026_0054_0054.jpg 1 8 26 54 54
1362_0010_0024_0069_0069.jpg 1 10 24 69 69
1363_0022_0024_0064_0064.jpg 1 22 24 64 64
1364_0039_0008_0055_0055.jpg 1 39 8 55 55
1365_0030_0048_0029_0029.jpg 1 30 48 29 29
1366_0043_0021_0030_0030.jpg 1 43 21 30 30
1367_0006_0021_0044_0044.jpg 1 6 21 44 44
1368_0018_0046_0036_0036.jpg 1 18 46 36 36
1369_0020_0025_0052_0052.jpg 1 20 25 52 52
1370_0030_0018_0041_0041.jpg 1 30 18 41 41
1371_0043_0023_0024_0024.jpg 1 43 23 24 24
1372_0022_0016_0039_0039.jpg 1 22 16 39 39
1373_0004_0018_0063_0063.jpg 1 4 18 63 63
1374_0048_0039_0033_0033.jpg 1 48 39 33 33
1375_0015_0038_0056_0056.jpg 1 15 38 56 56
1376_0005_0027_0066_0066.jpg 1 5 27 66 66
1377_0025_0032_0032_0032.jpg 1 25 32 32 32
1378_0047_0036_0043_0043.jpg 1 47 36 43 43
1379_0032_0026_0055_0055.jpg 1 32 26 55 55
1380_0016_0019_0051_0051.jpg 1 16 19 51 51
1381_0041_0046_0043_0043.jpg 1 41 46 43 43
1382_0018_0031_0062_0062.jpg 1 18 31 62 62
1383_0027_0006_0044_0044.jpg 1 27 6 44 44
1384_0024_0045_0039_0039.jpg 1 24 45 39 39
1385_0039_0007_0053_0053.jpg 1 39 7 53 53
1386_0015_0021_0068_0068.jpg 1 15 21 68 68
1387_0014_0027_0062_0062.jpg 1 14 27 62 62
1388_0054_0028_0032_0032.jpg 1 54 28 32 32
1389_0008_0025_0064_0064.jpg 1 8 25 64 64
1390_0042_0053_0027_0027.jpg 1 42 53 27 27
1391_0009_0022_0064_0064.jpg 1 9 22 64 64
1392_0029_0025_0044_0044.jpg 1 29 25 44 44
1393_0025_0024_0059_0059.jpg 1 25 24 59 59
1394_0026_0022_0037_0037.jpg 1 26 22 37 37
1395_0028_0019_0057_0057.jpg 1 28 19 57 57
1396_0027_0041_0029_0029.jpg 1 27 41 29 29
1397_0010_0044_0039_0039.jpg 1 10 44 39 39
1398_0009_0024_0057_0057.jpg 1 9 24 57 57
1399_0016_0009_0036_0036.jpg 1 16 9 36 36
1400_0051_0043_0036_0036.jpg 1 51 43 36 36
1401_0041_0041_0053_0053.jpg 1 41 41 53 53
1402_0046_0017_0039_0039.jpg 1 46 17 39 39
1403_0061_0037_0026_0026.jpg 1 61 37 26 26
1404_0053_0018_0039_0039.jpg 1 53 18 39 39
1405_0044_0009_0042_0042.jpg 1 44 9 42 42
1406_0042_0011_0039_0039.jpg 1 42 11 39 39
1407_0011_0019_0040_0040.jpg 1 11 19 40 40
1408_0033_0033_0056_0056.jpg 1 33 33 56 56
1409_0016_0025_0064_0064.jpg 1 16 25 64 64
1410_0019_0011_0065_0065.jpg 1 19 11 65 65
1411_0010_0030_0043_0043.jpg 1 10 30 43 43
1412_0038_0034_0056_0056.jpg 1 38 34 56 56
1413_0009_0011_0055_0055.jpg 1 9 11 55 55
1414_0027_0019_0031_0031.jpg 1 27 19 31 31
1415_0035_0046_0034_0034.jpg 1 35 46 34 34
1416_0029_0040_0055_0055.jpg 1 29 40 55 55
1417_0039_0049_0044_0044.jpg 1 39 49 44 44
1418_0027_0015_0057_0057.jpg 1 27 15 57 57
1419_0013_0036_0033_0033.jpg 1 13 36 33 33
1420_0014_0041_0034_0034.jpg 1 14 41 34 34
1421_0032_0010_0040_0040.jpg 1 32 10 40 40
1422_0013_0040_0045_0045.jpg 1 13 40 45 45
1423_0037_0024_0041_0041.jpg 1 37 24 41 41
1424_0010_0035_0054_0054.jpg 1 10 35 54 54
1425_0020_0021_0048_0048.jpg 1 20 21 48 48
1426_0050_0025_0032_0032.jpg 1 50 25 32 32
1427_0016_0014_0061_0061.jpg 1 16 14 61 61
1428_0005_0018_0067_0067.jpg 1 5 18 67 67
1429_0046_0019_0035_0035.jpg 1 46 19 35 35
1430_0010_0025_0051_0051.jpg 1 10 25 51 51
1431_0052_0053_0026_0026.jpg 1 52 53 26 26
1432_0025_0057_0029_0029.jpg 1 25 57 29 29
1433_0015_0055_0034_0034.jpg 1 15 55 34 34
1434_0026_0006_0064_0064.jpg 1 26 6 64 64
1435_0028_0013_0053_0053.jpg 1 28 13 53 53
1436_0037_0051_0033_0033.jpg 1 37 51 33 33
1437_0015_0011_0069_0069.jpg 1 15 11 69 69
1438_0018_0014_0043_0043.jpg 1 18 14 43 43
1439_0040_0008_0043_0043.jpg 1 40 8 43 43
1440_0018_0029_0067_0067.jpg 1 18 29 67 67
1441_0047_0058_0025_0025.jpg 1 47 58 25 25
1442_0032_0019_0024_0024.jpg 1 32 19 24 24
1443_0009_0039_0051_0051.jpg 1 9 39 51 51
1444_0035_0018_0046_0046.jpg 1 35 18 46 46
1445_0020_0016_0045_0045.jpg 1 20 16 45 45
1446_0036_0028_0036_0036.jpg 1 36 28 36 36
1447_0025_0011_0066_0066.jpg 1 25 11 66 66
1448_0016_0016_0052_0052.jpg 1 16 16 52 52
1449_0020_0050_0041_0041.jpg 1 20 50 41 41
1450_0026_0006_0062_0062.jpg 1 26 6 62 62
1451_0029_0053_0027_0027.jpg 1 29 53 27 27
1452_0007_0005_0068_0068.jpg 1 7 5 68 68
1453_0011_0029_0033_0033.jpg 1 11 29 33 33
1454_0008_0036_0053_0053.jpg 1 8 36 53 53
1455_0007_0057_0033_0033.jpg 1 7 57 33 33
1456_0014_0005_0052_0052.jpg 1 14 5 52 52
1457_0010_0041_0025_0025.jpg 1 10 41 25 25
1458_0017_0011_0063_0063.jpg 1 17 11 63 63
1459_0043_0045_0041_0041.jpg 1 43 45 41 41
1460_0039_0040_0054_0054.jpg 1 39 40 54 54
1461_0009_0023_0036_0036.jpg 1 9 23 36 36
1462_0004_0015_0059_0059.jpg 1 4 15 59 59
1463_0036_0033_0052_0052.jpg 1 36 33 52 52
1464_0024_0041_0050_0050.jpg 1 24 41 50 50
1465_0008_0021_0052_0052.jpg 1 8 21 52 52
1466_0044_0026_0029_0029.jpg 1 44 26 29 29
1467_0009_0016_0053_0053.jpg 1 9 16 53 53
1468_0052_0032_0037_0037.jpg 1 52 32 37 37
1469_0048_0039_0038_0038.jpg 1 48 39 38 38
1470_0015_0025_0033_0033.jpg 1 15 25 33 33
1471_0030_0036_0045_0045.jpg 1 30 36 45 45
1472_0037_0005_0045_0045.jpg 1 37 5 45 45
1473_0026_0015_0044_0044.jpg 1 26 15 44 44
1474_0028_0016_0036_0036.jpg 1 28 16 36 36
1475_0049_0048_0028_0028.jpg 1 49 48 28 28
1476_0034_0011_0033_0033.jpg 1 34 11 33 33
1477_0027_0026_0046_0046.jpg 1 27 26 46 46
1478_0060_0033_0025_0025.jpg 1 60 33 25 25
1479_0007_0021_0069_0069.jpg 1 7 21 69 69
1480_0015_0008_0068_0068.jpg 1 15 8 68 68
1481_0026_0024_0026_0026.jpg 1 26 24 26 26
1482_0042_0051_0039_0039.jpg 1 42 51 39 39
1483_0030_0026_0044_0044.jpg 1 30 26 44 44
1484_0054_0018_0033_0033.jpg 1 54 18 33 33
1485_0016_0009_0066_0066.jpg 1 16 9 66 66
1486_0012_0021_0057_0057.jpg 1 12 21 57 57
1487_0046_0035_0035_0035.jpg 1 46 35 35 35
1488_0034_0020_0054_0054.jpg 1 34 20 54 54
1489_0028_0041_0037_0037.jpg 1 28 41 37 37
1490_0043_0021_0040_0040.jpg 1 43 21 40 40
1491_0021_0005_0051_0051.jpg 1 21 5 51 51
1492_0004_0020_0061_0061.jpg 1 4 20 61 61
1493_0018_0017_0069_0069.jpg 1 18 17 69 69
1494_0005_0026_0058_0058.jpg 1 5 26 58 58
1495_0042_0011_0026_0026.jpg 1 42 11 26 26
1496_0026_0006_0063_0063.jpg 1 26 6 63 63
1497_0039_0059_0028_0028.jpg 1 39 59 28 28
1498_0057_0020_0026_0026.jpg 1 57 20 26 26
1499_0018_0024_0052_0052.jpg 1 18 24 52 52
1500_0005_0046_0048_0048.jpg 1 5 46 48 48
1501_0037_0048_0030_0030.jpg 1 37 48 30 30
1502_0038_0009_0051_0051.jpg 1 38 9 51 51
1503_0022_0037_0043_0043.jpg 1 22 37 43 43
1504_0044_0031_0032_0032.jpg 1 44 31 32 32
1505_0006_0032_0046_0046.jpg 1 6 32 46 46
1506_0004_0005_0058_0058.jpg 1 4 5 58 58
1507_0024_0025_0052_0052.jpg 1 24 25 52 52
1508_0024_0041_0052_0052.jpg 1 24 41 52 52
1509_0036_0038_0035_0035.jpg 1 36 38 35 35
1510_0034_0050_0040_0040.jpg 1 34 50 40 40
1511_0018_0028_0055_0055.jpg 1 18 28 55 55
1512_0005_0030_0058_0058.jpg 1 5 30 58 58
1513_0023_0013_0066_0066.jpg 1 23 13 66 66
1514_0028_0052_0032_0032.jpg 1 28 52 32 32
1515_0015_0033_0045_0045.jpg 1 15 33 45 45
1516_0003_0025_0068_0068.jpg 1 3 25 68 68
1517_0032_0008_0053_0053.jpg 1 32 8 53 53
1518_0014_0049_0037_0037.jpg 1 14 49 37 37
1519_0034_0055_0036_0036.jpg 1 34 55 36 36
1520_0022_0032_0045_0045.jpg 1 22 32 45 45
1521_0023_0013_0064_0064.jpg 1 23 13 64 64
1522_0005_0031_0064_0064.jpg 1 5 31 64 64
1523_0018_0038_0056_0056.jpg 1 18 38 56 56
1524_0031_0019_0062_0062.jpg 1 31 19 62 62
1525_0007_0027_0045_0045.jpg 1 7 27 45 45
1526_0008_0028_0029_0029.jpg 1 8 28 29 29
1527_0006_0026_0055_0055.jpg 1 6 26 55 55
1528_0004_0020_0055_0055.jpg 1 4 20 55 55
1529_0033_0031_0056_0056.jpg 1 33 31 56 56
1530_0038_0017_0054_0054.jpg 1 38 17 54 54
1531_0018_0041_0032_0032.jpg 1 18 41 32 32
1532_0019_0021_0042_0042.jpg 1 19 21 42 42
1533_0016_0026_0057_0057.jpg 1 16 26 57 57
1534_0033_0035_0052_0052.jpg 1 33 35 52 52
1535_0016_0008_0038_0038.jpg 1 16 8 38 38
1536_0028_0022_0055_0055.jpg 1 28 22 55 55
1537_0007_0015_0041_0041.jpg 1 7 15 41 41
1538_0046_0032_0045_0045.jpg 1 46 32 45 45
1539_0032_0022_0054_0054.jpg 1 32 22 54 54
1540_0012_0015_0056_0056.jpg 1 12 15 56 56
1541_0023_0005_0065_0065.jpg 1 23 5 65 65
1542_0047_0046_0030_0030.jpg 1 47 46 30 30
1543_0021_0012_0044_0044.jpg 1 21 12 44 44
1544_0025_0017_0057_0057.jpg 1 25 17 57 57
1545_0005_0031_0052_0052.jpg 1 5 31 52 52
1546_0036_0031_0042_0042.jpg 1 36 31 42 42
1547_0042_0057_0032_0032.jpg 1 42 57 32 32
1548_0025_0003_0067_0067.jpg 1 25 3 67 67
1549_0044_0051_0038_0038.jpg 1 44 51 38 38
1550_0015_0017_0069_0069.jpg 1 15 17 69 69
1551_0011_0031_0053_0053.jpg 1 11 31 53 53
1552_0049_0048_0031_0031.jpg 1 49 48 31 31
1553_0005_0023_0061_0061.jpg 1 5 23 61 61
1554_0020_0019_0039_0039.jpg 1 20 19 39 39
1555_0020_0015_0049_0049.jpg 1 20 15 49 49
1556_0027_0017_0062_0062.jpg 1 27 17 62 62
1557_0032_0018_0041_0041.jpg 1 32 18 41 41
1558_0019_0020_0068_0068.jpg 1 19 20 68 68
1559_0014_0021_0069_0069.jpg 1 14 21 69 69
1560_0008_0009_0046_0046.jpg 1 8 9 46 46
1561_0026_0028_0047_0047.jpg 1 26 28 47 47
1562_0019_0021_0043_0043.jpg 1 19 21 43 43
1563_0035_0043_0043_0043.jpg 1 35 43 43 43
1564_0012_0009_0065_0065.jpg 1 12 9 65 65
1565_0034_0007_0043_0043.jpg 1 34 7 43 43
1566_0038_0038_0057_0057.jpg 1 38 38 57 57
1567_0033_0037_0027_0027.jpg 1 33 37 27 27
1568_0058_0013_0025_0025.jpg 1 58 13 25 25
1569_0023_0026_0045_0045.jpg 1 23 26 45 45
1570_0034_0038_0048_0048.jpg 1 34 38 48 48
1571_0027_0018_0069_0069.jpg 1 27 18 69 69
1572_0009_0042_0034_0034.jpg 1 9 42 34 34
1573_0019_0016_0063_0063.jpg 1 19 16 63 63
1574_0038_0026_0037_0037.jpg 1 38 26 37 37
1575_0019_0033_0034_0034.jpg 1 19 33 34 34
1576_0012_0007_0056_0056.jpg 1 12 7 56 56
1577_0027_0049_0044_0044.jpg 1 27 49 44 44
1578_0012_0027_0066_0066.jpg 1 12 27 66 66
1579_0030_0056_0028_0028.jpg 1 30 56 28 28
1580_0022_0020_0048_0048.jpg 1 22 20 48 48
1581_0009_0033_0047_0047.jpg 1 9 33 47 47
1582_0031_0020_0058_0058.jpg 1 31 20 58 58
1583_0038_0042_0038_0038.jpg 1 38 42 38 38
1584_0043_0042_0047_0047.jpg 1 43 42 47 47
1585_0027_0027_0027_0027.jpg 1 27 27 27 27
1586_0025_0023_0031_0031.jpg 1 25 23 31 31
1587_0025_0039_0052_0052.jpg 1 25 39 52 52
1588_0009_0030_0065_0065.jpg 1 9 30 65 65
1589_0026_0032_0058_0058.jpg 1 26 32 58 58
1590_0035_0018_0057_0057.jpg 1 35 18 57 57
1591_0006_0045_0046_0046.jpg 1 6 45 46 46
1592_0015_0023_0067_0067.jpg 1 15 23 67 67
1593_0041_0026_0052_0052.jpg 1 41 26 52 52
1594_0023_0023_0067_0067.jpg 1 23 23 67 67
1595_0053_0033_0024_0024.jpg 1 53 33 24 24
1596_0010_0038_0033_0033.jpg 1 10 38 33 33
1597_0026_0015_0059_0059.jpg 1 26 15 59 59
1598_0031_0031_0030_0030.jpg 1 31 31 30 30
1599_0006_0034_0054_0054.jpg 1 6 34 54 54
1600_0009_0017_0044_0044.jpg 1 9 17 44 44
1601_0013_0011_0046_0046.jpg 1 13 11 46 46
1602_0023_0032_0051_0051.jpg 1 23 32 51 51
1603_0022_0020_0044_0044.jpg 1 22 20 44 44
1604_0025_0042_0033_0033.jpg 1 25 42 33 33
1605_0009_0013_0059_0059.jpg 1 9 13 59 59
1606_0025_0029_0066_0066.jpg 1 25 29 66 66
1607_0007_0004_0055_0055.jpg 1 7 4 55 55
1608_0020_0048_0041_0041.jpg 1 20 48 41 41
1609_0039_0028_0036_0036.jpg 1 39 28 36 36
1610_0029_0034_0032_0032.jpg 1 29 34 32 32
1611_0019_0010_0052_0052.jpg 1 19 10 52 52
1612_0060_0015_0024_0024.jpg 1 60 15 24 24
1613_0016_0003_0067_0067.jpg 1 16 3 67 67
1614_0036_0009_0051_0051.jpg 1 36 9 51 51
1615_0014_0008_0061_0061.jpg 1 14 8 61 61
1616_0038_0029_0030_0030.jpg 1 38 29 30 30
1617_0026_0015_0037_0037.jpg 1 26 15 37 37
1618_0027_0048_0043_0043.jpg 1 27 48 43 43
1619_0054_0014_0027_0027.jpg 1 54 14 27 27
1620_0016_0019_0025_0025.jpg 1 16 19 25 25
1621_0006_0023_0052_0052.jpg 1 6 23 52 52
1622_0036_0032_0052_0052.jpg 1 36 32 52 52
1623_0033_0039_0035_0035.jpg 1 33 39 35 35
1624_0027_0053_0028_0028.jpg 1 27 53 28 28
1625_0010_0012_0054_0054.jpg 1 10 12 54 54
1626_0013_0007_0054_0054.jpg 1 13 7 54 54
1627_0059_0045_0030_0030.jpg 1 59 45 30 30
1628_0042_0040_0025_0025.jpg 1 42 40 25 25
1629_0005_0015_0065_0065.jpg 1 5 15 65 65
1630_0034_0046_0047_0047.jpg 1 34 46 47 47
1631_0007_0027_0060_0060.jpg 1 7 27 60 60
1632_0023_0009_0065_0065.jpg 1 23 9 65 65
1633_0032_0032_0054_0054.jpg 1 32 32 54 54
1634_0007_0004_0059_0059.jpg 1 7 4 59 59
1635_0015_0016_0057_0057.jpg 1 15 16 57 57
1636_0033_0033_0038_0038.jpg 1 33 33 38 38
1637_0030_0015_0063_0063.jpg 1 30 15 63 63
1638_0011_0030_0062_0062.jpg 1 11 30 62 62
1639_0063_0008_0024_0024.jpg 1 63 8 24 24
1640_0031_0025_0062_0062.jpg 1 31 25 62 62
1641_0043_0008_0036_0036.jpg 1 43 8 36 36
1642_0007_0011_0062_0062.jpg 1 7 11 62 62
1643_0020_0007_0062_0062.jpg 1 20 7 62 62
1644_0049_0044_0032_0032.jpg 1 49 44 32 32
1645_0024_0006_0066_0066.jpg 1 24 6 66 66
1646_0030_0009_0028_0028.jpg 1 30 9 28 28
1647_0011_0054_0035_0035.jpg 1 11 54 35 35
1648_0023_0047_0046_0046.jpg 1 23 47 46 46
1649_0018_0024_0061_0061.jpg 1 18 24 61 61
1650_0047_0045_0026_0026.jpg 1 47 45 26 26
1651_0028_0021_0044_0044.jpg 1 28 21 44 44
1652_0028_0033_0060_0060.jpg 1 28 33 60 60
1653_0028_0030_0054_0054.jpg 1 28 30 54 54
1654_0036_0019_0059_0059.jpg 1 36 19 59 59
1655_0006_0019_0056_0056.jpg 1 6 19 56 56
1656_0005_0015_0063_0063.jpg 1 5 15 63 63
1657_0016_0006_0061_0061.jpg 1 16 6 61 61
1658_0026_0023_0069_0069.jpg 1 26 23 69 69
1659_0013_0016_0038_0038.jpg 1 13 16 38 38
1660_0029_0035_0059_0059.jpg 1 29 35 59 59
1661_0031_0035_0042_0042.jpg 1 31 35 42 42
1662_0034_0009_0045_0045.jpg 1 34 9 45 45
1663_0016_0026_0043_0043.jpg 1 16 26 43 43
1664_0043_0053_0035_0035.jpg 1 43 53 35 35
1665_0056_0045_0026_0026.jpg 1 56 45 26 26
1666_0007_0049_0040_0040.jpg 1 7 49 40 40
1667_0024_0036_0051_0051.jpg 1 24 36 51 51
1668_0014_0022_0068_0068.jpg 1 14 22 68 68
1669_0020_0021_0042_0042.jpg 1 20 21 42 42
1670_0015_0006_0065_0065.jpg 1 15 6 65 65
1671_0024_0009_0061_0061.jpg 1 24 9 61 61
1672_0015_0009_0055_0055.jpg 1 15 9 55 55
1673_0005_0021_0068_0068.jpg 1 5 21 68 68
1674_0040_0040_0033_0033.jpg 1 40 40 33 33
1675_0019_0006_0062_0062.jpg 1 19 6 62 62
1676_0041_0011_0033_0033.jpg 1 41 11 33 33
1677_0022_0006_0049_0049.jpg 1 22 6 49 49
1678_0032_0031_0042_0042.jpg 1 32 31 42 42
1679_0034_0035_0036_0036.jpg 1 34 35 36 36
1680_0059_0016_0029_0029.jpg 1 59 16 29 29
1681_0040_0019_0043_0043.jpg 1 40 19 43 43
1682_0006_0004_0066_0066.jpg 1 6 4 66 66
1683_0029_0044_0033_0033.jpg 1 29 44 33 33
1684_0032_0040_0039_0039.jpg 1 32 40 39 39
1685_0019_0021_0030_0030.jpg 1 19 21 30 30
1686_0025_0061_0029_0029.jpg 1 25 61 29 29
1687_0024_0023_0046_0046.jpg 1 24 23 46 46
1688_0024_0026_0030_0030.jpg 1 24 26 30 30
1689_0021_0033_0031_0031.jpg 1 21 33 31 31
1690_0021_0004_0059_0059.jpg 1 21 4 59 59
1691_0016_0016_0049_0049.jpg 1 16 16 49 49
1692_0037_0013_0027_0027.jpg 1 37 13 27 27
1693_0027_0028_0047_0047.jpg 1 27 28 47 47
1694_0043_0037_0036_0036.jpg 1 43 37 36 36
1695_0014_0034_0027_0027.jpg 1 14 34 27 27
1696_0009_0008_0069_0069.jpg 1 9 8 69 69
1697_0027_0032_0025_0025.jpg 1 27 32 25 25
1698_0046_0015_0024_0024.jpg 1 46 15 24 24
1699_0023_0021_0039_0039.jpg 1 23 21 39 39
1700_0003_0031_0064_0064.jpg 1 3 31 64 64
1701_0031_0006_0064_0064.jpg 1 31 6 64 64
1702_0020_0019_0046_0046.jpg 1 20 19 46 46
1703_0022_0010_0068_0068.jpg 1 22 10 68 68
1704_0018_0028_0032_0032.jpg 1 18 28 32 32
1705_0027_0007_0067_0067.jpg 1 27 7 67 67
1706_0036_0058_0033_0033.jpg 1 36 58 33 33
1707_0023_0013_0069_0069.jpg 1 23 13 69 69
1708_0028_0033_0058_0058.jpg 1 28 33 58 58
1709_0024_0019_0069_0069.jpg 1 24 19 69 69
1710_0023_0040_0052_0052.jpg 1 23 40 52 52
1711_0050_0043_0037_0037.jpg 1 50 43 37 37
1712_0031_0019_0055_0055.jpg 1 31 19 55 55
1713_0024_0030_0057_0057.jpg 1 24 30 57 57
1714_0049_0030_0040_0040.jpg 1 49 30 40 40
1715_0027_0022_0068_0068.jpg 1 27 22 68 68
1716_0030_0023_0033_0033.jpg 1 30 23 33 33
1717_0015_0030_0058_0058.jpg 1 15 30 58 58
1718_0051_0024_0037_0037.jpg 1 51 24 37 37
1719_0009_0032_0037_0037.jpg 1 9 32 37 37
1720_0016_0027_0051_0051.jpg 1 16 27 51 51
1721_0026_0011_0036_0036.jpg 1 26 11 36 36
1722_0017_0032_0059_0059.jpg 1 17 32 59 59
1723_0028_0006_0062_0062.jpg 1 28 6 62 62
1724_0019_0010_0059_0059.jpg 1 19 10 59 59
1725_0004_0009_0066_0066.jpg 1 4 9 66 66
1726_0030_0010_0051_0051.jpg 1 30 10 51 51
1727_0008_0007_0067_0067.jpg 1 8 7 67 67
1728_0044_0014_0046_0046.jpg 1 44 14 46 46
1729_0034_0061_0028_0028.jpg 1 34 61 28 28
1730_0040_0031_0035_0035.jpg 1 40 31 35 35
1731_0041_0033_0035_0035.jpg 1 41 33 35 35
1732_0012_0010_0057_0057.jpg 1 12 10 57 57
1733_0021_0032_0044_0044.jpg 1 21 32 44 44
1734_0031_0024_0046_0046.jpg 1 31 24 46 46
1735_0010_0027_0059_0059.jpg 1 10 27 59 59
1736_0028_0010_0062_0062.jpg 1 28 10 62 62
1737_0033_0008_0031_0031.jpg 1 33 8 31 31
1738_0006_0013_0067_0067.jpg 1 6 13 67 67
1739_0016_0040_0032_0032.jpg 1 16 40 32 32
1740_0019_0016_0058_0058.jpg 1 19 16 58 58
1741_0041_0034_0033_0033.jpg 1 41 34 33 33
1742_0035_0015_0035_0035.jpg 1 35 15 35 35
1743_0042_0038_0052_0052.jpg 1 42 38 52 52
1744_0040_0012_0032_0032.jpg 1 40 12 32 32
1745_0011_0026_0067_0067.jpg 1 11 26 67 67
1746_0015_0050_0028_0028.jpg 1 15 50 28 28
1747_0033_0052_0040_0040.jpg 1 33 52 40 40
1748_0032_0005_0042_0042.jpg 1 32 5 42 42
1749_0046_0037_0038_0038.jpg 1 46 37 38 38
1750_0015_0058_0030_0030.jpg 1 15 58 30 30
1751_0025_0026_0063_0063.jpg 1 25 26 63 63
1752_0034_0048_0041_0041.jpg 1 34 48 41 41
1753_0037_0015_0056_0056.jpg 1 37 15 56 56
1754_0039_0024_0052_0052.jpg 1 39 24 52 52
1755_0035_0024_0038_0038.jpg 1 35 24 38 38
1756_0059_0041_0025_0025.jpg 1 59 41 25 25
1757_0042_0008_0026_0026.jpg 1 42 8 26 26
1758_0026_0031_0063_0063.jpg 1 26 31 63 63
1759_0020_0013_0047_0047.jpg 1 20 13 47 47
1760_0055_0047_0032_0032.jpg 1 55 47 32 32
1761_0011_0033_0038_0038.jpg 1 11 33 38 38
1762_0008_0030_0056_0056.jpg 1 8 30 56 56
1763_0030_0045_0030_0030.jpg 1 30 45 30 30
1764_0052_0029_0042_0042.jpg 1 52 29 42 42
1765_0032_0034_0052_0052.jpg 1 32 34 52 52
1766_0019_0024_0067_0067.jpg 1 19 24 67 67
1767_0014_0038_0040_0040.jpg 1 14 38 40 40
1768_0009_0013_0034_0034.jpg 1 9 13 34 34
1769_0037_0034_0050_0050.jpg 1 37 34 50 50
1770_0018_0025_0055_0055.jpg 1 18 25 55 55
1771_0015_0015_0049_0049.jpg 1 15 15 49 49
1772_0033_0038_0038_0038.jpg 1 33 38 38 38
1773_0034_0022_0047_0047.jpg 1 34 22 47 47
1774_0044_0025_0025_0025.jpg 1 44 25 25 25
1775_0010_0009_0052_0052.jpg 1 10 9 52 52
1776_0013_0008_0051_0051.jpg 1 13 8 51 51
1777_0028_0008_0037_0037.jpg 1 28 8 37 37
1778_0051_0041_0038_0038.jpg 1 51 41 38 38
1779_0021_0020_0067_0067.jpg 1 21 20 67 67
1780_0054_0044_0029_0029.jpg 1 54 44 29 29
1781_0020_0057_0035_0035.jpg 1 20 57 35 35
1782_0011_0026_0025_0025.jpg 1 11 26 25 25
1783_0022_0030_0065_0065.jpg 1 22 30 65 65
1784_0010_0004_0062_0062.jpg 1 10 4 62 62
1785_0035_0041_0045_0045.jpg 1 35 41 45 45
1786_0022_0025_0030_0030.jpg 1 22 25 30 30
1787_0014_0012_0048_0048.jpg 1 14 12 48 48
1788_0009_0005_0063_0063.jpg 1 9 5 63 63
1789_0019_0029_0065_0065.jpg 1 19 29 65 65
1790_0025_0019_0067_0067.jpg 1 25 19 67 67
1791_0021_0006_0067_0067.jpg 1 21 6 67 67
1792_0017_0027_0062_0062.jpg 1 17 27 62 62
1793_0014_0010_0069_0069.jpg 1 14 10 69 69
1794_0008_0015_0046_0046.jpg 1 8 15 46 46
1795_0007_0009_0056_0056.jpg 1 7 9 56 56
1796_0034_0030_0043_0043.jpg 1 34 30 43 43
1797_0035_0007_0041_0041.jpg 1 35 7 41 41
1798_0014_0037_0056_0056.jpg 1 14 37 56 56
1799_0027_0030_0047_0047.jpg 1 27 30 47 47
1800_0034_0022_0035_0035.jpg 1 34 22 35 35
1801_0055_0016_0035_0035.jpg 1 55 16 35 35
1802_0027_0013_0068_0068.jpg 1 27 13 68 68
1803_0049_0052_0040_0040.jpg 1 49 52 40 40
1804_0018_0009_0056_0056.jpg 1 18 9 56 56
1805_0006_0033_0047_0047.jpg 1 6 33 47 47
1806_0019_0023_0056_0056.jpg 1 19 23 56 56
1807_0025_0014_0062_0062.jpg 1 25 14 62 62
1808_0021_0023_0054_0054.jpg 1 21 23 54 54
1809_0020_0016_0061_0061.jpg 1 20 16 61 61
1810_0015_0008_0069_0069.jpg 1 15 8 69 69
1811_0040_0021_0043_0043.jpg 1 40 21 43 43
1812_0041_0027_0053_0053.jpg 1 41 27 53 53
1813_0064_0012_0027_0027.jpg 1 64 12 27 27
1814_0026_0030_0036_0036.jpg 1 26 30 36 36
1815_0028_0015_0066_0066.jpg 1 28 15 66 66
1816_0040_0048_0038_0038.jpg 1 40 48 38 38
1817_0021_0020_0069_0069.jpg 1 21 20 69 69
1818_0036_0031_0051_0051.jpg 1 36 31 51 51
1819_0006_0032_0037_0037.jpg 1 6 32 37 37
1820_0045_0028_0029_0029.jpg 1 45 28 29 29
1821_0024_0047_0042_0042.jpg 1 24 47 42 42
1822_0019_0017_0052_0052.jpg 1 19 17 52 52
1823_0013_0023_0027_0027.jpg 1 13 23 27 27
1824_0029_0041_0047_0047.jpg 1 29 41 47 47
1825_0017_0017_0067_0067.jpg 1 17 17 67 67
1826_0029_0009_0058_0058.jpg 1 29 9 58 58
1827_0027_0026_0054_0054.jpg 1 27 26 54 54
1828_0025_0025_0067_0067.jpg 1 25 25 67 67
1829_0052_0021_0028_0028.jpg 1 52 21 28 28
1830_0020_0031_0052_0052.jpg 1 20 31 52 52
1831_0009_0009_0055_0055.jpg 1 9 9 55 55
1832_0013_0043_0050_0050.jpg 1 13 43 50 50
1833_0005_0034_0054_0054.jpg 1 5 34 54 54
1834_0027_0021_0055_0055.jpg 1 27 21 55 55
1835_0009_0019_0050_0050.jpg 1 9 19 50 50
1836_0032_0012_0059_0059.jpg 1 32 12 59 59
1837_0016_0041_0040_0040.jpg 1 16 41 40 40
1838_0015_0027_0028_0028.jpg 1 15 27 28 28
1839_0004_0029_0056_0056.jpg 1 4 29 56 56
1840_0010_0032_0042_0042.jpg 1 10 32 42 42
1841_0032_0016_0054_0054.jpg 1 32 16 54 54
1842_0033_0013_0030_0030.jpg 1 33 13 30 30
1843_0033_0011_0052_0052.jpg 1 33 11 52 52
1844_0023_0028_0059_0059.jpg 1 23 28 59 59
1845_0025_0032_0029_0029.jpg 1 25 32 29 29
1846_0048_0047_0035_0035.jpg 1 48 47 35 35
1847_0040_0039_0036_0036.jpg 1 40 39 36 36
1848_0028_0037_0050_0050.jpg 1 28 37 50 50
1849_0017_0035_0059_0059.jpg 1 17 35 59 59
1850_0032_0027_0046_0046.jpg 1 32 27 46 46
1851_0027_0036_0058_0058.jpg 1 27 36 58 58
1852_0037_0036_0037_0037.jpg 1 37 36 37 37
1853_0016_0032_0035_0035.jpg 1 16 32 35 35
1854_0014_0010_0069_0069.jpg 1 14 10 69 69
1855_0012_0031_0037_0037.jpg 1 12 31 37 37
1856_0026_0028_0037_0037.jpg 1 26 28 37 37
1857_0012_0047_0033_0033.jpg 1 12 47 33 33
1858_0027_0021_0064_0064.jpg 1 27 21 64 64
1859_0015_0004_0065_0065.jpg 1 15 4 65 65
1860_0014_0023_0039_0039.jpg 1 14 23 39 39
1861_0038_0009_0047_0047.jpg 1 38 9 47 47
1862_0035_0029_0052_0052.jpg 1 35 29 52 52
1863_0025_0023_0063_0063.jpg 1 25 23 63 63
1864_0024_0023_0049_0049.jpg 1 24 23 49 49
1865_0058_0026_0030_0030.jpg 1 58 26 30 30
1866_0014_0038_0052_0052.jpg 1 14 38 52 52
1867_0030_0016_0046_0046.jpg 1 30 16 46 46
1868_0014_0003_0069_0069.jpg 1 14 3 69 69
1869_0031_0031_0054_0054.jpg 1 31 31 54 54
1870_0012_0019_0068_0068.jpg 1 12 19 68 68
1871_0019_0049_0034_0034.jpg 1 19 49 34 34
1872_0037_0038_0045_0045.jpg 1 37 38 45 45
1873_0021_0013_0056_0056.jpg 1 21 13 56 56
1874_0006_0040_0047_0047.jpg 1 6 40 47 47
1875_0020_0021_0033_0033.jpg 1 20 21 33 33
1876_0040_0032_0026_0026.jpg 1 40 32 26 26
1877_0022_0008_0060_0060.jpg 1 22 8 60 60
1878_0007_0022_0044_0044.jpg 1 7 22 44 44
1879_0031_0020_0061_0061.jpg 1 31 20 61 61
1880_0024_0019_0035_0035.jpg 1 24 19 35 35
1881_0028_0018_0059_0059.jpg 1 28 18 59 59
1882_0017_0053_0038_0038.jpg 1 17 53 38 38
1883_0027_0039_0039_0039.jpg 1 27 39 39 39
1884_0048_0056_0029_0029.jpg 1 48 56 29 29
1885_0021_0011_0062_0062.jpg 1 21 11 62 62
1886_0034_0051_0025_0025.jpg 1 34 51 25 25
1887_0019_0015_0066_0066.jpg 1 19 15 66 66
1888_0036_0034_0056_0056.jpg 1 36 34 56 56
1889_0036_0027_0042_0042.jpg 1 36 27 42 42
1890_0024_0018_0058_0058.jpg 1 24 18 58 58
1891_0028_0033_0060_0060.jpg 1 28 33 60 60
1892_0026_0017_0025_0025.jpg 1 26 17 25 25
1893_0036_0045_0036_0036.jpg 1 36 45 36 36
1894_0043_0021_0043_0043.jpg 1 43 21 43 43
1895_0027_0042_0046_0046.jpg 1 27 42 46 46
1896_0006_0008_0063_0063.jpg 1 6 8 63 63
1897_0021_0031_0059_0059.jpg 1 21 31 59 59
1898_0032_0038_0057_0057.jpg 1 32 38 57 57
1899_0028_0025_0048_0048.jpg 1 28 25 48 48
1900_0009_0055_0035_0035.jpg 1 9 55 35 35
1901_0040_0051_0030_0030.jpg 1 40 51 30 30
1902_0009_0036_0054_0054.jpg 1 9 36 54 54
1903_0019_0021_0045_0045.jpg 1 19 21 45 45
1904_0018_0016_0062_0062.jpg 1 18 16 62 62
1905_0059_0057_0030_0030.jpg 1 59 57 30 30
1906_0013_0014_0055_0055.jpg 1 13 14 55 55
1907_0023_0021_0056_0056.jpg 1 23 21 56 56
1908_0017_0039_0031_0031.jpg 1 17 39 31 31
1909_0043_0011_0028_0028.jpg 1 43 11 28 28
1910_0027_0013_0066_0066.jpg 1 27 13 66 66
1911_0013_0020_0068_0068.jpg 1 13 20 68 68
1912_0009_0026_0053_0053.jpg 1 9 26 53 53
1913_0016_0004_0066_0066.jpg 1 16 4 66 66
1914_0023_0003_0068_0068.jpg 1 23 3 68 68
1915_0030_0031_0032_0032.jpg 1 30 31 32 32
1916_0014_0008_0045_0045.jpg 1 14 8 45 45
1917_0043_0015_0043_0043.jpg 1 43 15 43 43
1918_0048_0038_0045_0045.jpg 1 48 38 45 45
1919_0048_0033_0045_0045.jpg 1 48 33 45 45
1920_0013_0031_0031_0031.jpg 1 13 31 31 31
1921_0025_0022_0060_0060.jpg 1 25 22 60 60
1922_0026_0015_0032_0032.jpg 1 26 15 32 32
1923_0016_0039_0039_0039.jpg 1 16 39 39 39
1924_0052_0037_0041_0041.jpg 1 52 37 41 41
1925_0016_0007_0069_0069.jpg 1 16 7 69 69
1926_0026_0008_0068_0068.jpg 1 26 8 68 68
1927_0021_0044_0039_0039.jpg 1 21 44 39 39
1928_0033_0012_0061_0061.jpg 1 33 12 61 61
1929_0041_0050_0037_0037.jpg 1 41 50 37 37
1930_0021_0050_0025_0025.jpg 1 21 50 25 25
1931_0044_0026_0049_0049.jpg 1 44 26 49 49
1932_0039_0009_0051_0051.jpg 1 39 9 51 51
1933_0006_0019_0053_0053.jpg 1 6 19 53 53
1934_0020_0006_0051_0051.jpg 1 20 6 51 51
1935_0011_0009_0066_0066.jpg 1 11 9 66 66
1936_0019_0008_0025_0025.jpg 1 19 8 25 25
1937_0015_0029_0058_0058.jpg 1 15 29 58 58
1938_0020_0025_0067_0067.jpg 1 20 25 67 67
1939_0019_0009_0068_0068.jpg 1 19 9 68 68
1940_0052_0028_0024_0024.jpg 1 52 28 24 24
1941_0035_0010_0057_0057.jpg 1 35 10 57 57
1942_0024_0029_0025_0025.jpg 1 24 29 25 25
1943_0024_0030_0053_0053.jpg 1 24 30 53 53
1944_0025_0025_0062_0062.jpg 1 25 25 62 62
1945_0021_0012_0069_0069.jpg 1 21 12 69 69
1946_0006_0033_0055_0055.jpg 1 6 33 55 55
1947_0046_0007_0025_0025.jpg 1 46 7 25 25
1948_0005_0027_0068_0068.jpg 1 5 27 68 68
1949_0017_0007_0062_0062.jpg 1 17 7 62 62
1950_0020_0044_0048_0048.jpg 1 20 44 48 48
