0001_0019_0043_0037_0037.jpg 1 19 43 37 37
0002_0024_0012_0069_0069.jpg 1 24 12 69 69
0003_0021_0011_0064_0064.jpg 1 21 11 64 64
0004_0036_0034_0053_0053.jpg 1 36 34 53 53
0005_0033_0052_0028_0028.jpg 1 33 52 28 28
0006_0027_0020_0058_0058.jpg 1 27 20 58 58
0007_0019_0012_0047_0047.jpg 1 19 12 47 47
0008_0035_0032_0060_0060.jpg 1 35 32 60 60
0009_0019_0057_0033_0033.jpg 1 19 57 33 33
0010_0028_0018_0030_0030.jpg 1 28 18 30 30
0011_0008_0006_0041_0041.jpg 1 8 6 41 41
0012_0038_0050_0034_0034.jpg 1 38 50 34 34
0013_0021_0016_0065_0065.jpg 1 21 16 65 65
0014_0031_0035_0041_0041.jpg 1 31 35 41 41
0015_0021_0019_0068_0068.jpg 1 21 19 68 68
0016_0010_0018_0067_0067.jpg 1 10 18 67 67
0017_0014_0033_0062_0062.jpg 1 14 33 62 62
0018_0022_0023_0024_0024.jpg 1 22 23 24 24
0019_0007_0023_0066_0066.jpg 1 7 23 66 66
0020_0032_0025_0036_0036.jpg 1 32 25 36 36
0021_0018_0031_0061_0061.jpg 1 18 31 61 61
0022_0035_0045_0028_0028.jpg 1 35 45 28 28
0023_0030_0009_0062_0062.jpg 1 30 9 62 62
0024_0026_0019_0051_0051.jpg 1 26 19 51 51
0025_0036_0021_0041_0041.jpg 1 36 21 41 41
0026_0010_0011_0032_0032.jpg 1 10 11 32 32
0027_0033_0033_0055_0055.jpg 1 33 33 55 55
0028_0006_0015_0063_0063.jpg 1 6 15 63 63
0029_0023_0046_0029_0029.jpg 1 23 46 29 29
0030_0006_0022_0053_0053.jpg 1 6 22 53 53
0031_0038_0008_0050_0050.jpg 1 38 8 50 50
0032_0036_0048_0038_0038.jpg 1 36 48 38 38
0033_0038_0048_0028_0028.jpg 1 38 48 28 28
0034_0017_0038_0043_0043.jpg 1 17 38 43 43
0035_0024_0011_0061_0061.jpg 1 24 11 61 61
0036_0009_0009_0060_0060.jpg 1 9 9 60 60
0037_0053_0044_0040_0040.jpg 1 53 44 40 40
0038_0020_0013_0045_0045.jpg 1 20 13 45 45
0039_0040_0035_0039_0039.jpg 1 40 35 39 39
0040_0017_0021_0038_0038.jpg 1 17 21 38 38
0041_0038_0034_0048_0048.jpg 1 38 34 48 48
0042_0033_0022_0054_0054.jpg 1 33 22 54 54
0043_0027_0012_0045_0045.jpg 1 27 12 45 45
0044_0046_0033_0048_0048.jpg 1 46 33 48 48
0045_0022_0023_0042_0042.jpg 1 22 23 42 42
0046_0036_0024_0041_0041.jpg 1 36 24 41 41
0047_0042_0005_0051_0051.jpg 1 42 5 51 51
0048_0028_0061_0027_0027.jpg 1 28 61 27 27
0049_0026_0007_0047_0047.jpg 1 26 7 47 47
0050_0057_0023_0032_0032.jpg 1 57 23 32 32
0051_0007_0015_0065_0065.jpg 1 7 15 65 65
0052_0053_0039_0031_0031.jpg 1 53 39 31 31
0053_0032_0008_0052_0052.jpg 1 32 8 52 52
0054_0013_0023_0044_0044.jpg 1 13 23 44 44
0055_0013_0011_0049_0049.jpg 1 13 11 49 49
0056_0026_0027_0059_0059.jpg 1 26 27 59 59
0057_0059_0054_0025_0025.jpg 1 59 54 25 25
0058_0013_0013_0068_0068.jpg 1 13 13 68 68
0059_0025_0044_0036_0036.jpg 1 25 44 36 36
0060_0013_0014_0055_0055.jpg 1 13 14 55 55
0061_0038_0046_0036_0036.jpg 1 38 46 36 36
0062_0006_0028_0056_0056.jpg 1 6 28 56 56
0063_0014_0028_0062_0062.jpg 1 14 28 62 62
0064_0016_0024_0069_0069.jpg 1 16 24 69 69
0065_0011_0022_0069_0069.jpg 1 11 22 69 69
0066_0050_0024_0035_0035.jpg 1 50 24 35 35
0067_0032_0026_0037_0037.jpg 1 32 26 37 37
0068_0026_0044_0046_0046.jpg 1 26 44 46 46
0069_0034_0017_0059_0059.jpg 1 34 17 59 59
0070_0022_0009_0050_0050.jpg 1 22 9 50 50
0071_0025_0035_0049_0049.jpg 1 25 35 49 49
0072_0026_0017_0057_0057.jpg 1 26 17 57 57
0073_0016_0041_0042_0042.jpg 1 16 41 42 42
0074_0023_0023_0048_0048.jpg 1 23 23 48 48
0075_0043_0044_0027_0027.jpg 1 43 44 27 27
0076_0034_0030_0024_0024.jpg 1 34 30 24 24
0077_0023_0025_0042_0042.jpg 1 23 25 42 42
0078_0012_0041_0053_0053.jpg 1 12 41 53 53
0079_0029_0029_0064_0064.jpg 1 29 29 64 64
0080_0022_0035_0048_0048.jpg 1 22 35 48 48
0081_0050_0022_0042_0042.jpg 1 50 22 42 42
0082_0018_0015_0066_0066.jpg 1 18 15 66 66
0083_0062_0045_0027_0027.jpg 1 62 45 27 27
0084_0033_0026_0054_0054.jpg 1 33 26 54 54
0085_0018_0024_0066_0066.jpg 1 18 24 66 66
0086_0008_0006_0059_0059.jpg 1 8 6 59 59
0087_0023_0016_0028_0028.jpg 1 23 16 28 28
0088_0021_0026_0043_0043.jpg 1 21 26 43 43
0089_0032_0034_0038_0038.jpg 1 32 34 38 38
0090_0026_0039_0043_0043.jpg 1 26 39 43 43
0091_0015_0012_0046_0046.jpg 1 15 12 46 46
0092_0010_0025_0044_0044.jpg 1 10 25 44 44
0093_0038_0025_0030_0030.jpg 1 38 25 30 30
0094_0031_0020_0031_0031.jpg 1 31 20 31 31
0095_0022_0038_0030_0030.jpg 1 22 38 30 30
0096_0017_0043_0043_0043.jpg 1 17 43 43 43
0097_0012_0031_0030_0030.jpg 1 12 31 30 30
0098_0008_0027_0033_0033.jpg 1 8 27 33 33
0099_0010_0006_0061_0061.jpg 1 10 6 61 61
0100_0029_0011_0065_0065.jpg 1 29 11 65 65
0101_0010_0026_0051_0051.jpg 1 10 26 51 51
0102_0065_0055_0025_0025.jpg 1 65 55 25 25
0103_0027_0004_0058_0058.jpg 1 27 4 58 58
0104_0023_0006_0038_0038.jpg 1 23 6 38 38
0105_0040_0033_0045_0045.jpg 1 40 33 45 45
0106_0045_0033_0039_0039.jpg 1 45 33 39 39
0107_0005_0025_0065_0065.jpg 1 5 25 65 65
0108_0029_0029_0046_0046.jpg 1 29 29 46 46
0109_0021_0032_0061_0061.jpg 1 21 32 61 61
0110_0030_0025_0035_0035.jpg 1 30 25 35 35
0111_0042_0012_0026_0026.jpg 1 42 12 26 26
0112_0018_0007_0064_0064.jpg 1 18 7 64 64
0113_0026_0028_0068_0068.jpg 1 26 28 68 68
0114_0056_0021_0031_0031.jpg 1 56 21 31 31
0115_0019_0013_0059_0059.jpg 1 19 13 59 59
0116_0015_0048_0040_0040.jpg 1 15 48 40 40
0117_0021_0010_0061_0061.jpg 1 21 10 61 61
0118_0013_0037_0032_0032.jpg 1 13 37 32 32
0119_0034_0006_0049_0049.jpg 1 34 6 49 49
0120_0014_0025_0056_0056.jpg 1 14 25 56 56
0121_0020_0007_0069_0069.jpg 1 20 7 69 69
0122_0051_0023_0037_0037.jpg 1 51 23 37 37
0123_0022_0039_0049_0049.jpg 1 22 39 49 49
0124_0023_0036_0056_0056.jpg 1 23 36 56 56
0125_0006_0019_0044_0044.jpg 1 6 19 44 44
0126_0014_0007_0058_0058.jpg 1 14 7 58 58
0127_0007_0019_0069_0069.jpg 1 7 19 69 69
0128_0016_0037_0024_0024.jpg 1 16 37 24 24
0129_0006_0024_0034_0034.jpg 1 6 24 34 34
0130_0034_0013_0053_0053.jpg 1 34 13 53 53
0131_0034_0031_0042_0042.jpg 1 34 31 42 42
0132_0011_0018_0043_0043.jpg 1 11 18 43 43
0133_0031_0041_0052_0052.jpg 1 31 41 52 52
0134_0039_0014_0048_0048.jpg 1 39 14 48 48
0135_0039_0009_0028_0028.jpg 1 39 9 28 28
0136_0056_0059_0027_0027.jpg 1 56 59 27 27
0137_0015_0057_0027_0027.jpg 1 15 57 27 27
0138_0011_0022_0056_0056.jpg 1 11 22 56 56
0139_0053_0055_0030_0030.jpg 1 53 55 30 30
0140_0029_0030_0057_0057.jpg 1 29 30 57 57
0141_0026_0019_0059_0059.jpg 1 26 19 59 59
0142_0036_0009_0045_0045.jpg 1 36 9 45 45
0143_0038_0021_0037_0037.jpg 1 38 21 37 37
0144_0006_0007_0059_0059.jpg 1 6 7 59 59
0145_0011_0008_0053_0053.jpg 1 11 8 53 53
0146_0009_0049_0024_0024.jpg 1 9 49 24 24
0147_0017_0019_0062_0062.jpg 1 17 19 62 62
0148_0006_0035_0036_0036.jpg 1 6 35 36 36
0149_0028_0014_0033_0033.jpg 1 28 14 33 33
0150_0021_0011_0037_0037.jpg 1 21 11 37 37
0151_0028_0022_0061_0061.jpg 1 28 22 61 61
0152_0009_0006_0034_0034.jpg 1 9 6 34 34
0153_0019_0012_0065_0065.jpg 1 19 12 65 65
0154_0044_0008_0042_0042.jpg 1 44 8 42 42
0155_0024_0013_0056_0056.jpg 1 24 13 56 56
0156_0052_0062_0026_0026.jpg 1 52 62 26 26
0157_0016_0019_0064_0064.jpg 1 16 19 64 64
0158_0020_0018_0062_0062.jpg 1 20 18 62 62
0159_0048_0041_0035_0035.jpg 1 48 41 35 35
0160_0028_0010_0058_0058.jpg 1 28 10 58 58
0161_0012_0038_0042_0042.jpg 1 12 38 42 42
0162_0031_0021_0025_0025.jpg 1 31 21 25 25
0163_0016_0027_0059_0059.jpg 1 16 27 59 59
0164_0036_0038_0044_0044.jpg 1 36 38 44 44
0165_0033_0037_0053_0053.jpg 1 33 37 53 53
0166_0012_0061_0026_0026.jpg 1 12 61 26 26
0167_0061_0028_0024_0024.jpg 1 61 28 24 24
0168_0022_0007_0037_0037.jpg 1 22 7 37 37
0169_0027_0041_0042_0042.jpg 1 27 41 42 42
0170_0011_0006_0066_0066.jpg 1 11 6 66 66
0171_0031_0027_0057_0057.jpg 1 31 27 57 57
0172_0043_0052_0033_0033.jpg 1 43 52 33 33
0173_0018_0021_0046_0046.jpg 1 18 21 46 46
0174_0009_0056_0037_0037.jpg 1 9 56 37 37
0175_0019_0020_0045_0045.jpg 1 19 20 45 45
0176_0023_0024_0043_0043.jpg 1 23 24 43 43
0177_0030_0042_0046_0046.jpg 1 30 42 46 46
0178_0028_0034_0032_0032.jpg 1 28 34 32 32
0179_0012_0005_0056_0056.jpg 1 12 5 56 56
0180_0036_0024_0041_0041.jpg 1 36 24 41 41
0181_0052_0020_0029_0029.jpg 1 52 20 29 29
0182_0009_0027_0039_0039.jpg 1 9 27 39 39
0183_0026_0015_0043_0043.jpg 1 26 15 43 43
0184_0041_0016_0039_0039.jpg 1 41 16 39 39
0185_0032_0034_0044_0044.jpg 1 32 34 44 44
0186_0031_0027_0053_0053.jpg 1 31 27 53 53
0187_0010_0022_0050_0050.jpg 1 10 22 50 50
0188_0029_0016_0061_0061.jpg 1 29 16 61 61
0189_0037_0029_0042_0042.jpg 1 37 29 42 42
0190_0016_0018_0067_0067.jpg 1 16 18 67 67
0191_0030_0047_0025_0025.jpg 1 30 47 25 25
0192_0011_0037_0032_0032.jpg 1 11 37 32 32
0193_0027_0036_0047_0047.jpg 1 27 36 47 47
0194_0035_0053_0033_0033.jpg 1 35 53 33 33
0195_0021_0037_0051_0051.jpg 1 21 37 51 51
0196_0007_0030_0057_0057.jpg 1 7 30 57 57
0197_0015_0012_0063_0063.jpg 1 15 12 63 63
0198_0017_0027_0066_0066.jpg 1 17 27 66 66
0199_0039_0011_0050_0050.jpg 1 39 11 50 50
0200_0009_0017_0065_0065.jpg 1 9 17 65 65
0201_0012_0031_0046_0046.jpg 1 12 31 46 46
0202_0021_0018_0059_0059.jpg 1 21 18 59 59
0203_0035_0034_0041_0041.jpg 1 35 34 41 41
0204_0021_0010_0034_0034.jpg 1 21 10 34 34
0205_0042_0048_0033_0033.jpg 1 42 48 33 33
0206_0022_0038_0024_0024.jpg 1 22 38 24 24
0207_0024_0031_0057_0057.jpg 1 24 31 57 57
0208_0024_0017_0064_0064.jpg 1 24 17 64 64
0209_0009_0036_0054_0054.jpg 1 9 36 54 54
0210_0022_0008_0056_0056.jpg 1 22 8 56 56
0211_0014_0024_0055_0055.jpg 1 14 24 55 55
0212_0047_0014_0027_0027.jpg 1 47 14 27 27
0213_0057_0026_0027_0027.jpg 1 57 26 27 27
0214_0043_0032_0038_0038.jpg 1 43 32 38 38
0215_0065_0046_0025_0025.jpg 1 65 46 25 25
0216_0013_0013_0044_0044.jpg 1 13 13 44 44
0217_0018_0041_0027_0027.jpg 1 18 41 27 27
0218_0022_0007_0069_0069.jpg 1 22 7 69 69
0219_0050_0037_0032_0032.jpg 1 50 37 32 32
0220_0051_0030_0040_0040.jpg 1 51 30 40 40
0221_0024_0039_0042_0042.jpg 1 24 39 42 42
0222_0024_0034_0037_0037.jpg 1 24 34 37 37
0223_0031_0048_0038_0038.jpg 1 31 48 38 38
0224_0045_0039_0041_0041.jpg 1 45 39 41 41
0225_0016_0011_0060_0060.jpg 1 16 11 60 60
0226_0034_0013_0049_0049.jpg 1 34 13 49 49
0227_0019_0024_0069_0069.jpg 1 19 24 69 69
0228_0011_0026_0025_0025.jpg 1 11 26 25 25
0229_0048_0031_0044_0044.jpg 1 48 31 44 44
0230_0028_0007_0035_0035.jpg 1 28 7 35 35
0231_0010_0026_0058_0058.jpg 1 10 26 58 58
0232_0028_0023_0067_0067.jpg 1 28 23 67 67
0233_0005_0006_0066_0066.jpg 1 5 6 66 66
0234_0011_0038_0048_0048.jpg 1 11 38 48 48
0235_0030_0015_0039_0039.jpg 1 30 15 39 39
0236_0027_0049_0036_0036.jpg 1 27 49 36 36
0237_0031_0035_0040_0040.jpg 1 31 35 40 40
0238_0049_0025_0044_0044.jpg 1 49 25 44 44
0239_0028_0009_0034_0034.jpg 1 28 9 34 34
0240_0013_0016_0069_0069.jpg 1 13 16 69 69
0241_0025_0007_0025_0025.jpg 1 25 7 25 25
0242_0016_0006_0053_0053.jpg 1 16 6 53 53
0243_0025_0023_0052_0052.jpg 1 25 23 52 52
0244_0026_0008_0055_0055.jpg 1 26 8 55 55
0245_0028_0028_0056_0056.jpg 1 28 28 56 56
0246_0008_0022_0062_0062.jpg 1 8 22 62 62
0247_0054_0029_0026_0026.jpg 1 54 29 26 26
0248_0024_0021_0043_0043.jpg 1 24 21 43 43
0249_0044_0021_0043_0043.jpg 1 44 21 43 43
0250_0018_0016_0069_0069.jpg 1 18 16 69 69
0251_0038_0009_0033_0033.jpg 1 38 9 33 33
0252_0037_0024_0039_0039.jpg 1 37 24 39 39
0253_0021_0052_0037_0037.jpg 1 21 52 37 37
0254_0010_0011_0031_0031.jpg 1 10 11 31 31
0255_0049_0040_0027_0027.jpg 1 49 40 27 27
0256_0041_0033_0047_0047.jpg 1 41 33 47 47
0257_0014_0053_0040_0040.jpg 1 14 53 40 40
0258_0018_0011_0039_0039.jpg 1 18 11 39 39
0259_0009_0027_0054_0054.jpg 1 9 27 54 54
0260_0038_0011_0047_0047.jpg 1 38 11 47 47
0261_0012_0022_0069_0069.jpg 1 12 22 69 69
0262_0015_0040_0026_0026.jpg 1 15 40 26 26
0263_0008_0006_0061_0061.jpg 1 8 6 61 61
0264_0044_0060_0025_0025.jpg 1 44 60 25 25
0265_0023_0028_0050_0050.jpg 1 23 28 50 50
0266_0013_0012_0047_0047.jpg 1 13 12 47 47
0267_0008_0037_0032_0032.jpg 1 8 37 32 32
0268_0036_0006_0047_0047.jpg 1 36 6 47 47
0269_0041_0034_0027_0027.jpg 1 41 34 27 27
0270_0015_0042_0047_0047.jpg 1 15 42 47 47
0271_0027_0027_0059_0059.jpg 1 27 27 59 59
0272_0005_0003_0063_0063.jpg 1 5 3 63 63
0273_0043_0042_0030_0030.jpg 1 43 42 30 30
0274_0035_0035_0046_0046.jpg 1 35 35 46 46
0275_0019_0064_0028_0028.jpg 1 19 64 28 28
0276_0047_0059_0033_0033.jpg 1 47 59 33 33
0277_0034_0008_0043_0043.jpg 1 34 8 43 43
0278_0015_0041_0034_0034.jpg 1 15 41 34 34
0279_0062_0011_0025_0025.jpg 1 62 11 25 25
0280_0015_0017_0063_0063.jpg 1 15 17 63 63
0281_0027_0024_0056_0056.jpg 1 27 24 56 56
0282_0054_0034_0029_0029.jpg 1 54 34 29 29
0283_0026_0020_0057_0057.jpg 1 26 20 57 57
0284_0028_0037_0057_0057.jpg 1 28 37 57 57
0285_0011_0023_0064_0064.jpg 1 11 23 64 64
0286_0041_0020_0040_0040.jpg 1 41 20 40 40
0287_0036_0039_0024_0024.jpg 1 36 39 24 24
0288_0010_0034_0060_0060.jpg 1 10 34 60 60
0289_0038_0055_0030_0030.jpg 1 38 55 30 30
0290_0010_0011_0065_0065.jpg 1 10 11 65 65
0291_0010_0005_0060_0060.jpg 1 10 5 60 60
0292_0028_0048_0039_0039.jpg 1 28 48 39 39
0293_0039_0044_0041_0041.jpg 1 39 44 41 41
0294_0026_0018_0057_0057.jpg 1 26 18 57 57
0295_0032_0024_0030_0030.jpg 1 32 24 30 30
0296_0018_0009_0064_0064.jpg 1 18 9 64 64
0297_0021_0043_0028_0028.jpg 1 21 43 28 28
0298_0038_0030_0054_0054.jpg 1 38 30 54 54
0299_0027_0012_0060_0060.jpg 1 27 12 60 60
0300_0006_0006_0063_0063.jpg 1 6 6 63 63
0301_0020_0016_0051_0051.jpg 1 20 16 51 51
0302_0035_0007_0056_0056.jpg 1 35 7 56 56
0303_0016_0020_0047_0047.jpg 1 16 20 47 47
0304_0024_0033_0047_0047.jpg 1 24 33 47 47
0305_0009_0022_0065_0065.jpg 1 9 22 65 65
0306_0031_0007_0059_0059.jpg 1 31 7 59 59
0307_0014_0006_0059_0059.jpg 1 14 6 59 59
0308_0014_0005_0065_0065.jpg 1 14 5 65 65
0309_0010_0028_0054_0054.jpg 1 10 28 54 54
0310_0005_0014_0047_0047.jpg 1 5 14 47 47
0311_0048_0032_0040_0040.jpg 1 48 32 40 40
0312_0051_0024_0033_0033.jpg 1 51 24 33 33
0313_0010_0017_0048_0048.jpg 1 10 17 48 48
0314_0049_0039_0034_0034.jpg 1 49 39 34 34
0315_0025_0008_0061_0061.jpg 1 25 8 61 61
0316_0042_0041_0033_0033.jpg 1 42 41 33 33
0317_0010_0008_0069_0069.jpg 1 10 8 69 69
0318_0015_0029_0063_0063.jpg 1 15 29 63 63
0319_0017_0039_0050_0050.jpg 1 17 39 50 50
0320_0006_0012_0068_0068.jpg 1 6 12 68 68
0321_0010_0024_0047_0047.jpg 1 10 24 47 47
0322_0030_0024_0040_0040.jpg 1 30 24 40 40
0323_0011_0006_0059_0059.jpg 1 11 6 59 59
0324_0034_0049_0026_0026.jpg 1 34 49 26 26
0325_0006_0038_0055_0055.jpg 1 6 38 55 55
0326_0007_0013_0039_0039.jpg 1 7 13 39 39
0327_0016_0011_0050_0050.jpg 1 16 11 50 50
0328_0026_0006_0065_0065.jpg 1 26 6 65 65
0329_0025_0029_0036_0036.jpg 1 25 29 36 36
0330_0019_0029_0060_0060.jpg 1 19 29 60 60
0331_0044_0042_0050_0050.jpg 1 44 42 50 50
0332_0041_0041_0049_0049.jpg 1 41 41 49 49
0333_0040_0024_0052_0052.jpg 1 40 24 52 52
0334_0026_0021_0066_0066.jpg 1 26 21 66 66
0335_0021_0054_0038_0038.jpg 1 21 54 38 38
0336_0005_0005_0068_0068.jpg 1 5 5 68 68
0337_0015_0009_0029_0029.jpg 1 15 9 29 29
0338_0007_0037_0057_0057.jpg 1 7 37 57 57
0339_0020_0009_0060_0060.jpg 1 20 9 60 60
0340_0015_0043_0040_0040.jpg 1 15 43 40 40
0341_0019_0049_0028_0028.jpg 1 19 49 28 28
0342_0035_0031_0058_0058.jpg 1 35 31 58 58
0343_0019_0024_0064_0064.jpg 1 19 24 64 64
0344_0013_0027_0041_0041.jpg 1 13 27 41 41
0345_0026_0014_0024_0024.jpg 1 26 14 24 24
0346_0030_0018_0066_0066.jpg 1 30 18 66 66
0347_0024_0037_0024_0024.jpg 1 24 37 24 24
0348_0028_0039_0054_0054.jpg 1 28 39 54 54
0349_0018_0034_0044_0044.jpg 1 18 34 44 44
0350_0015_0034_0061_0061.jpg 1 15 34 61 61
0351_0021_0010_0039_0039.jpg 1 21 10 39 39
0352_0005_0026_0066_0066.jpg 1 5 26 66 66
0353_0014_0026_0035_0035.jpg 1 14 26 35 35
0354_0006_0021_0062_0062.jpg 1 6 21 62 62
0355_0050_0050_0037_0037.jpg 1 50 50 37 37
0356_0015_0008_0050_0050.jpg 1 15 8 50 50
0357_0033_0042_0024_0024.jpg 1 33 42 24 24
0358_0038_0012_0034_0034.jpg 1 38 12 34 34
0359_0032_0011_0054_0054.jpg 1 32 11 54 54
0360_0036_0020_0033_0033.jpg 1 36 20 33 33
0361_0039_0043_0045_0045.jpg 1 39 43 45 45
0362_0037_0011_0050_0050.jpg 1 37 11 50 50
0363_0012_0006_0063_0063.jpg 1 12 6 63 63
0364_0011_0027_0034_0034.jpg 1 11 27 34 34
0365_0043_0048_0045_0045.jpg 1 43 48 45 45
0366_0046_0048_0041_0041.jpg 1 46 48 41 41
0367_0020_0013_0061_0061.jpg 1 20 13 61 61
0368_0017_0037_0049_0049.jpg 1 17 37 49 49
0369_0012_0027_0069_0069.jpg 1 12 27 69 69
0370_0055_0013_0033_0033.jpg 1 55 13 33 33
0371_0008_0037_0043_0043.jpg 1 8 37 43 43
0372_0023_0041_0050_0050.jpg 1 23 41 50 50
0373_0025_0013_0064_0064.jpg 1 25 13 64 64
0374_0012_0030_0047_0047.jpg 1 12 30 47 47
0375_0031_0033_0042_0042.jpg 1 31 33 42 42
0376_0012_0013_0069_0069.jpg 1 12 13 69 69
0377_0021_0007_0026_0026.jpg 1 21 7 26 26
0378_0034_0022_0054_0054.jpg 1 34 22 54 54
0379_0032_0044_0039_0039.jpg 1 32 44 39 39
0380_0042_0057_0034_0034.jpg 1 42 57 34 34
0381_0007_0014_0046_0046.jpg 1 7 14 46 46
0382_0004_0011_0069_0069.jpg 1 4 11 69 69
0383_0010_0015_0068_0068.jpg 1 10 15 68 68
0384_0026_0038_0024_0024.jpg 1 26 38 24 24
0385_0010_0023_0062_0062.jpg 1 10 23 62 62
0386_0038_0019_0042_0042.jpg 1 38 19 42 42
0387_0014_0014_0056_0056.jpg 1 14 14 56 56
0388_0020_0028_0057_0057.jpg 1 20 28 57 57
0389_0011_0032_0054_0054.jpg 1 11 32 54 54
0390_0025_0022_0049_0049.jpg 1 25 22 49 49
0391_0030_0024_0061_0061.jpg 1 30 24 61 61
0392_0046_0044_0024_0024.jpg 1 46 44 24 24
0393_0043_0036_0051_0051.jpg 1 43 36 51 51
0394_0022_0028_0039_0039.jpg 1 22 28 39 39
0395_0053_0035_0037_0037.jpg 1 53 35 37 37
0396_0031_0018_0030_0030.jpg 1 31 18 30 30
0397_0018_0014_0050_0050.jpg 1 18 14 50 50
0398_0023_0044_0033_0033.jpg 1 23 44 33 33
0399_0011_0028_0027_0027.jpg 1 11 28 27 27
0400_0032_0033_0062_0062.jpg 1 32 33 62 62
0401_0006_0025_0055_0055.jpg 1 6 25 55 55
0402_0028_0054_0027_0027.jpg 1 28 54 27 27
0403_0055_0034_0030_0030.jpg 1 55 34 30 30
0404_0006_0033_0054_0054.jpg 1 6 33 54 54
0405_0008_0021_0031_0031.jpg 1 8 21 31 31
0406_0045_0057_0028_0028.jpg 1 45 57 28 28
0407_0047_0035_0038_0038.jpg 1 47 35 38 38
0408_0040_0015_0047_0047.jpg 1 40 15 47 47
0409_0023_0045_0025_0025.jpg 1 23 45 25 25
0410_0039_0041_0045_0045.jpg 1 39 41 45 45
0411_0007_0037_0048_0048.jpg 1 7 37 48 48
0412_0025_0023_0069_0069.jpg 1 25 23 69 69
0413_0019_0006_0067_0067.jpg 1 19 6 67 67
0414_0050_0008_0040_0040.jpg 1 50 8 40 40
0415_0049_0061_0028_0028.jpg 1 49 61 28 28
0416_0010_0051_0024_0024.jpg 1 10 51 24 24
0417_0012_0024_0061_0061.jpg 1 12 24 61 61
0418_0050_0015_0043_0043.jpg 1 50 15 43 43
0419_0027_0039_0052_0052.jpg 1 27 39 52 52
0420_0015_0041_0036_0036.jpg 1 15 41 36 36
0421_0014_0019_0062_0062.jpg 1 14 19 62 62
0422_0018_0015_0059_0059.jpg 1 18 15 59 59
0423_0004_0026_0053_0053.jpg 1 4 26 53 53
0424_0011_0018_0051_0051.jpg 1 11 18 51 51
0425_0026_0034_0059_0059.jpg 1 26 34 59 59
0426_0009_0019_0033_0033.jpg 1 9 19 33 33
0427_0032_0009_0043_0043.jpg 1 32 9 43 43
0428_0009_0037_0047_0047.jpg 1 9 37 47 47
0429_0030_0006_0053_0053.jpg 1 30 6 53 53
0430_0010_0009_0031_0031.jpg 1 10 9 31 31
0431_0012_0034_0055_0055.jpg 1 12 34 55 55
0432_0039_0022_0026_0026.jpg 1 39 22 26 26
0433_0017_0030_0044_0044.jpg 1 17 30 44 44
0434_0049_0013_0041_0041.jpg 1 49 13 41 41
0435_0056_0054_0030_0030.jpg 1 56 54 30 30
0436_0027_0022_0067_0067.jpg 1 27 22 67 67
0437_0051_0008_0042_0042.jpg 1 51 8 42 42
0438_0030_0019_0053_0053.jpg 1 30 19 53 53
0439_0022_0029_0057_0057.jpg 1 22 29 57 57
0440_0039_0042_0025_0025.jpg 1 39 42 25 25
0441_0035_0031_0045_0045.jpg 1 35 31 45 45
0442_0008_0018_0035_0035.jpg 1 8 18 35 35
0443_0027_0052_0038_0038.jpg 1 27 52 38 38
0444_0053_0048_0029_0029.jpg 1 53 48 29 29
0445_0023_0024_0028_0028.jpg 1 23 24 28 28
0446_0011_0036_0044_0044.jpg 1 11 36 44 44
0447_0017_0028_0056_0056.jpg 1 17 28 56 56
0448_0004_0035_0060_0060.jpg 1 4 35 60 60
0449_0021_0005_0057_0057.jpg 1 21 5 57 57
0450_0029_0016_0061_0061.jpg 1 29 16 61 61
0451_0017_0033_0041_0041.jpg 1 17 33 41 41
0452_0011_0014_0048_0048.jpg 1 11 14 48 48
0453_0022_0009_0041_0041.jpg 1 22 9 41 41
0454_0008_0036_0049_0049.jpg 1 8 36 49 49
0455_0021_0022_0049_0049.jpg 1 21 22 49 49
0456_0058_0048_0028_0028.jpg 1 58 48 28 28
0457_0030_0009_0044_0044.jpg 1 30 9 44 44
0458_0022_0017_0036_0036.jpg 1 22 17 36 36
0459_0023_0043_0048_0048.jpg 1 23 43 48 48
0460_0031_0037_0034_0034.jpg 1 31 37 34 34
0461_0008_0021_0042_0042.jpg 1 8 21 42 42
0462_0037_0034_0046_0046.jpg 1 37 34 46 46
0463_0022_0019_0028_0028.jpg 1 22 19 28 28
0464_0056_0055_0030_0030.jpg 1 56 55 30 30
0465_0040_0018_0043_0043.jpg 1 40 18 43 43
0466_0010_0042_0028_0028.jpg 1 10 42 28 28
0467_0006_0006_0052_0052.jpg 1 6 6 52 52
0468_0035_0016_0051_0051.jpg 1 35 16 51 51
0469_0012_0033_0061_0061.jpg 1 12 33 61 61
0470_0005_0005_0064_0064.jpg 1 5 5 64 64
0471_0020_0037_0048_0048.jpg 1 20 37 48 48
0472_0020_0013_0064_0064.jpg 1 20 13 64 64
0473_0029_0048_0044_0044.jpg 1 29 48 44 44
0474_0016_0038_0041_0041.jpg 1 16 38 41 41
0475_0023_0040_0050_0050.jpg 1 23 40 50 50
0476_0016_0031_0054_0054.jpg 1 16 31 54 54
0477_0027_0018_0061_0061.jpg 1 27 18 61 61
0478_0018_0033_0029_0029.jpg 1 18 33 29 29
0479_0010_0012_0068_0068.jpg 1 10 12 68 68
0480_0039_0040_0037_0037.jpg 1 39 40 37 37
0481_0040_0033_0051_0051.jpg 1 40 33 51 51
0482_0023_0031_0054_0054.jpg 1 23 31 54 54
0483_0046_0034_0043_0043.jpg 1 46 34 43 43
0484_0016_0009_0031_0031.jpg 1 16 9 31 31
0485_0018_0031_0056_0056.jpg 1 18 31 56 56
0486_0004_0031_0062_0062.jpg 1 4 31 62 62
0487_0045_0016_0033_0033.jpg 1 45 16 33 33
0488_0035_0014_0035_0035.jpg 1 35 14 35 35
0489_0005_0007_0046_0046.jpg 1 5 7 46 46
0490_0005_0006_0054_0054.jpg 1 5 6 54 54
0491_0016_0020_0046_0046.jpg 1 16 20 46 46
0492_0017_0038_0045_0045.jpg 1 17 38 45 45
0493_0041_0024_0050_0050.jpg 1 41 24 50 50
0494_0039_0023_0055_0055.jpg 1 39 23 55 55
0495_0007_0008_0030_0030.jpg 1 7 8 30 30
0496_0020_0044_0036_0036.jpg 1 20 44 36 36
0497_0030_0029_0060_0060.jpg 1 30 29 60 60
0498_0035_0020_0057_0057.jpg 1 35 20 57 57
0499_0055_0061_0029_0029.jpg 1 55 61 29 29
0500_0025_0020_0052_0052.jpg 1 25 20 52 52
0501_0037_0040_0052_0052.jpg 1 37 40 52 52
0502_0011_0008_0047_0047.jpg 1 11 8 47 47
0503_0016_0004_0065_0065.jpg 1 16 4 65 65
0504_0027_0011_0065_0065.jpg 1 27 11 65 65
0505_0008_0007_0042_0042.jpg 1 8 7 42 42
0506_0022_0025_0067_0067.jpg 1 22 25 67 67
0507_0006_0040_0050_0050.jpg 1 6 40 50 50
0508_0005_0024_0062_0062.jpg 1 5 24 62 62
0509_0030_0027_0045_0045.jpg 1 30 27 45 45
0510_0016_0062_0027_0027.jpg 1 16 62 27 27
0511_0015_0019_0060_0060.jpg 1 15 19 60 60
0512_0045_0046_0029_0029.jpg 1 45 46 29 29
0513_0040_0053_0040_0040.jpg 1 40 53 40 40
0514_0042_0050_0027_0027.jpg 1 42 50 27 27
0515_0044_0028_0032_0032.jpg 1 44 28 32 32
0516_0010_0009_0059_0059.jpg 1 10 9 59 59
0517_0024_0034_0032_0032.jpg 1 24 34 32 32
0518_0029_0013_0055_0055.jpg 1 29 13 55 55
0519_0030_0028_0032_0032.jpg 1 30 28 32 32
0520_0037_0035_0038_0038.jpg 1 37 35 38 38
0521_0021_0042_0042_0042.jpg 1 21 42 42 42
0522_0030_0013_0061_0061.jpg 1 30 13 61 61
0523_0022_0011_0058_0058.jpg 1 22 11 58 58
0524_0004_0008_0053_0053.jpg 1 4 8 53 53
0525_0022_0011_0042_0042.jpg 1 22 11 42 42
0526_0008_0017_0042_0042.jpg 1 8 17 42 42
0527_0026_0048_0044_0044.jpg 1 26 48 44 44
0528_0036_0036_0057_0057.jpg 1 36 36 57 57
0529_0018_0007_0041_0041.jpg 1 18 7 41 41
0530_0014_0004_0068_0068.jpg 1 14 4 68 68
0531_0007_0010_0065_0065.jpg 1 7 10 65 65
0532_0027_0033_0049_0049.jpg 1 27 33 49 49
0533_0024_0020_0054_0054.jpg 1 24 20 54 54
0534_0029_0051_0025_0025.jpg 1 29 51 25 25
0535_0054_0013_0024_0024.jpg 1 54 13 24 24
0536_0026_0028_0059_0059.jpg 1 26 28 59 59
0537_0017_0051_0038_0038.jpg 1 17 51 38 38
0538_0030_0007_0034_0034.jpg 1 30 7 34 34
0539_0031_0024_0030_0030.jpg 1 31 24 30 30
0540_0010_0032_0057_0057.jpg 1 10 32 57 57
0541_0024_0029_0066_0066.jpg 1 24 29 66 66
0542_0052_0009_0039_0039.jpg 1 52 9 39 39
0543_0006_0013_0069_0069.jpg 1 6 13 69 69
0544_0019_0031_0041_0041.jpg 1 19 31 41 41
0545_0008_0014_0057_0057.jpg 1 8 14 57 57
0546_0007_0033_0063_0063.jpg 1 7 33 63 63
0547_0019_0035_0052_0052.jpg 1 19 35 52 52
0548_0020_0029_0046_0046.jpg 1 20 29 46 46
0549_0046_0061_0030_0030.jpg 1 46 61 30 30
0550_0029_0007_0038_0038.jpg 1 29 7 38 38
0551_0032_0038_0042_0042.jpg 1 32 38 42 42
0552_0031_0015_0034_0034.jpg 1 31 15 34 34
0553_0021_0009_0038_0038.jpg 1 21 9 38 38
0554_0021_0008_0025_0025.jpg 1 21 8 25 25
0555_0046_0055_0037_0037.jpg 1 46 55 37 37
0556_0007_0026_0047_0047.jpg 1 7 26 47 47
0557_0021_0015_0035_0035.jpg 1 21 15 35 35
0558_0038_0013_0056_0056.jpg 1 38 13 56 56
0559_0005_0035_0055_0055.jpg 1 5 35 55 55
0560_0015_0005_0066_0066.jpg 1 15 5 66 66
0561_0042_0045_0045_0045.jpg 1 42 45 45 45
0562_0020_0014_0052_0052.jpg 1 20 14 52 52
0563_0046_0053_0037_0037.jpg 1 46 53 37 37
0564_0011_0003_0065_0065.jpg 1 11 3 65 65
0565_0041_0011_0052_0052.jpg 1 41 11 52 52
0566_0026_0008_0065_0065.jpg 1 26 8 65 65
0567_0019_0030_0056_0056.jpg 1 19 30 56 56
0568_0026_0016_0068_0068.jpg 1 26 16 68 68
0569_0055_0037_0038_0038.jpg 1 55 37 38 38
0570_0007_0012_0064_0064.jpg 1 7 12 64 64
0571_0027_0038_0051_0051.jpg 1 27 38 51 51
0572_0037_0008_0049_0049.jpg 1 37 8 49 49
0573_0009_0025_0054_0054.jpg 1 9 25 54 54
0574_0021_0012_0059_0059.jpg 1 21 12 59 59
0575_0040_0033_0051_0051.jpg 1 40 33 51 51
0576_0014_0021_0066_0066.jpg 1 14 21 66 66
0577_0026_0015_0057_0057.jpg 1 26 15 57 57
0578_0019_0021_0064_0064.jpg 1 19 21 64 64
0579_0010_0013_0066_0066.jpg 1 10 13 66 66
0580_0023_0049_0028_0028.jpg 1 23 49 28 28
0581_0047_0050_0042_0042.jpg 1 47 50 42 42
0582_0006_0034_0045_0045.jpg 1 6 34 45 45
0583_0023_0009_0056_0056.jpg 1 23 9 56 56
0584_0013_0042_0040_0040.jpg 1 13 42 40 40
0585_0057_0031_0027_0027.jpg 1 57 31 27 27
0586_0005_0021_0063_0063.jpg 1 5 21 63 63
0587_0057_0030_0032_0032.jpg 1 57 30 32 32
0588_0051_0038_0042_0042.jpg 1 51 38 42 42
0589_0039_0037_0051_0051.jpg 1 39 37 51 51
0590_0057_0036_0024_0024.jpg 1 57 36 24 24
0591_0049_0009_0035_0035.jpg 1 49 9 35 35
0592_0033_0035_0050_0050.jpg 1 33 35 50 50
0593_0043_0032_0046_0046.jpg 1 43 32 46 46
0594_0012_0043_0049_0049.jpg 1 12 43 49 49
0595_0047_0031_0042_0042.jpg 1 47 31 42 42
0596_0014_0005_0064_0064.jpg 1 14 5 64 64
0597_0025_0034_0033_0033.jpg 1 25 34 33 33
0598_0018_0024_0060_0060.jpg 1 18 24 60 60
0599_0026_0037_0049_0049.jpg 1 26 37 49 49
0600_0032_0021_0061_0061.jpg 1 32 21 61 61
0601_0047_0034_0043_0043.jpg 1 47 34 43 43
0602_0048_0029_0030_0030.jpg 1 48 29 30 30
0603_0046_0009_0040_0040.jpg 1 46 9 40 40
0604_0011_0013_0049_0049.jpg 1 11 13 49 49
0605_0036_0046_0046_0046.jpg 1 36 46 46 46
0606_0024_0032_0057_0057.jpg 1 24 32 57 57
0607_0044_0053_0024_0024.jpg 1 44 53 24 24
0608_0020_0039_0055_0055.jpg 1 20 39 55 55
0609_0013_0017_0063_0063.jpg 1 13 17 63 63
0610_0029_0005_0059_0059.jpg 1 29 5 59 59
0611_0015_0006_0062_0062.jpg 1 15 6 62 62
0612_0020_0026_0056_0056.jpg 1 20 26 56 56
0613_0014_0008_0043_0043.jpg 1 14 8 43 43
0614_0022_0053_0027_0027.jpg 1 22 53 27 27
0615_0014_0014_0055_0055.jpg 1 14 14 55 55
0616_0012_0016_0065_0065.jpg 1 12 16 65 65
0617_0012_0009_0058_0058.jpg 1 12 9 58 58
0618_0017_0010_0028_0028.jpg 1 17 10 28 28
0619_0027_0008_0030_0030.jpg 1 27 8 30 30
0620_0010_0022_0034_0034.jpg 1 10 22 34 34
0621_0018_0009_0059_0059.jpg 1 18 9 59 59
0622_0007_0008_0034_0034.jpg 1 7 8 34 34
0623_0033_0047_0046_0046.jpg 1 33 47 46 46
0624_0027_0032_0048_0048.jpg 1 27 32 48 48
0625_0017_0013_0046_0046.jpg 1 17 13 46 46
0626_0036_0017_0053_0053.jpg 1 36 17 53 53
0627_0011_0006_0055_0055.jpg 1 11 6 55 55
0628_0040_0008_0053_0053.jpg 1 40 8 53 53
0629_0028_0017_0049_0049.jpg 1 28 17 49 49
0630_0054_0053_0039_0039.jpg 1 54 53 39 39
0631_0012_0026_0048_0048.jpg 1 12 26 48 48
0632_0009_0009_0052_0052.jpg 1 9 9 52 52
0633_0038_0020_0047_0047.jpg 1 38 20 47 47
0634_0029_0054_0036_0036.jpg 1 29 54 36 36
0635_0017_0030_0045_0045.jpg 1 17 30 45 45
0636_0026_0032_0059_0059.jpg 1 26 32 59 59
0637_0035_0010_0041_0041.jpg 1 35 10 41 41
0638_0022_0020_0056_0056.jpg 1 22 20 56 56
0639_0009_0023_0045_0045.jpg 1 9 23 45 45
0640_0036_0018_0033_0033.jpg 1 36 18 33 33
0641_0041_0012_0053_0053.jpg 1 41 12 53 53
0642_0021_0050_0040_0040.jpg 1 21 50 40 40
0643_0015_0013_0040_0040.jpg 1 15 13 40 40
0644_0016_0036_0050_0050.jpg 1 16 36 50 50
0645_0045_0050_0044_0044.jpg 1 45 50 44 44
0646_0043_0022_0033_0033.jpg 1 43 22 33 33
0647_0048_0010_0031_0031.jpg 1 48 10 31 31
0648_0008_0022_0029_0029.jpg 1 8 22 29 29
0649_0015_0008_0066_0066.jpg 1 15 8 66 66
0650_0008_0023_0066_0066.jpg 1 8 23 66 66
0651_0013_0027_0061_0061.jpg 1 13 27 61 61
0652_0009_0005_0055_0055.jpg 1 9 5 55 55
0653_0026_0037_0052_0052.jpg 1 26 37 52 52
0654_0035_0013_0027_0027.jpg 1 35 13 27 27
0655_0057_0037_0026_0026.jpg 1 57 37 26 26
0656_0028_0041_0053_0053.jpg 1 28 41 53 53
0657_0009_0052_0029_0029.jpg 1 9 52 29 29
0658_0038_0053_0026_0026.jpg 1 38 53 26 26
0659_0024_0058_0028_0028.jpg 1 24 58 28 28
0660_0005_0030_0061_0061.jpg 1 5 30 61 61
0661_0019_0034_0028_0028.jpg 1 19 34 28 28
0662_0033_0023_0059_0059.jpg 1 33 23 59 59
0663_0063_0011_0028_0028.jpg 1 63 11 28 28
0664_0022_0016_0060_0060.jpg 1 22 16 60 60
0665_0037_0012_0057_0057.jpg 1 37 12 57 57
0666_0055_0037_0036_0036.jpg 1 55 37 36 36
0667_0020_0009_0056_0056.jpg 1 20 9 56 56
0668_0008_0041_0044_0044.jpg 1 8 41 44 44
0669_0005_0019_0063_0063.jpg 1 5 19 63 63
0670_0051_0055_0038_0038.jpg 1 51 55 38 38
0671_0005_0044_0050_0050.jpg 1 5 44 50 50
0672_0021_0049_0024_0024.jpg 1 21 49 24 24
0673_0014_0006_0059_0059.jpg 1 14 6 59 59
0674_0013_0034_0058_0058.jpg 1 13 34 58 58
0675_0026_0018_0066_0066.jpg 1 26 18 66 66
0676_0038_0010_0053_0053.jpg 1 38 10 53 53
0677_0032_0029_0050_0050.jpg 1 32 29 50 50
0678_0023_0030_0061_0061.jpg 1 23 30 61 61
0679_0015_0048_0041_0041.jpg 1 15 48 41 41
0680_0047_0026_0036_0036.jpg 1 47 26 36 36
0681_0033_0043_0047_0047.jpg 1 33 43 47 47
0682_0029_0050_0027_0027.jpg 1 29 50 27 27
0683_0027_0020_0055_0055.jpg 1 27 20 55 55
0684_0006_0034_0055_0055.jpg 1 6 34 55 55
0685_0031_0011_0042_0042.jpg 1 31 11 42 42
0686_0034_0028_0038_0038.jpg 1 34 28 38 38
0687_0034_0038_0037_0037.jpg 1 34 38 37 37
0688_0024_0047_0041_0041.jpg 1 24 47 41 41
0689_0017_0026_0069_0069.jpg 1 17 26 69 69
0690_0051_0043_0041_0041.jpg 1 51 43 41 41
0691_0046_0030_0034_0034.jpg 1 46 30 34 34
0692_0059_0022_0029_0029.jpg 1 59 22 29 29
0693_0024_0024_0069_0069.jpg 1 24 24 69 69
0694_0033_0052_0030_0030.jpg 1 33 52 30 30
0695_0011_0017_0048_0048.jpg 1 11 17 48 48
0696_0042_0051_0041_0041.jpg 1 42 51 41 41
0697_0034_0012_0059_0059.jpg 1 34 12 59 59
0698_0017_0013_0058_0058.jpg 1 17 13 58 58
0699_0038_0039_0039_0039.jpg 1 38 39 39 39
0700_0030_0046_0026_0026.jpg 1 30 46 26 26
0701_0043_0020_0042_0042.jpg 1 43 20 42 42
0702_0030_0045_0033_0033.jpg 1 30 45 33 33
0703_0010_0015_0034_0034.jpg 1 10 15 34 34
0704_0010_0045_0047_0047.jpg 1 10 45 47 47
0705_0008_0030_0037_0037.jpg 1 8 30 37 37
0706_0039_0009_0040_0040.jpg 1 39 9 40 40
0707_0040_0012_0047_0047.jpg 1 40 12 47 47
0708_0034_0020_0042_0042.jpg 1 34 20 42 42
0709_0027_0027_0064_0064.jpg 1 27 27 64 64
0710_0033_0049_0037_0037.jpg 1 33 49 37 37
0711_0016_0017_0067_0067.jpg 1 16 17 67 67
0712_0032_0037_0042_0042.jpg 1 32 37 42 42
0713_0024_0033_0060_0060.jpg 1 24 33 60 60
0714_0004_0022_0062_0062.jpg 1 4 22 62 62
0715_0004_0025_0067_0067.jpg 1 4 25 67 67
0716_0018_0010_0044_0044.jpg 1 18 10 44 44
0717_0017_0006_0057_0057.jpg 1 17 6 57 57
0718_0019_0024_0064_0064.jpg 1 19 24 64 64
0719_0036_0008_0035_0035.jpg 1 36 8 35 35
0720_0006_0026_0056_0056.jpg 1 6 26 56 56
0721_0016_0046_0041_0041.jpg 1 16 46 41 41
0722_0031_0022_0035_0035.jpg 1 31 22 35 35
0723_0035_0049_0033_0033.jpg 1 35 49 33 33
0724_0028_0051_0042_0042.jpg 1 28 51 42 42
0725_0047_0020_0038_0038.jpg 1 47 20 38 38
0726_0023_0013_0033_0033.jpg 1 23 13 33 33
0727_0038_0063_0025_0025.jpg 1 38 63 25 25
0728_0051_0057_0032_0032.jpg 1 51 57 32 32
0729_0038_0034_0043_0043.jpg 1 38 34 43 43
0730_0023_0007_0028_0028.jpg 1 23 7 28 28
0731_0032_0021_0045_0045.jpg 1 32 21 45 45
0732_0030_0013_0064_0064.jpg 1 30 13 64 64
0733_0043_0017_0031_0031.jpg 1 43 17 31 31
0734_0056_0034_0031_0031.jpg 1 56 34 31 31
0735_0036_0043_0039_0039.jpg 1 36 43 39 39
0736_0036_0021_0044_0044.jpg 1 36 21 44 44
0737_0021_0041_0028_0028.jpg 1 21 41 28 28
0738_0013_0034_0055_0055.jpg 1 13 34 55 55
0739_0026_0009_0069_0069.jpg 1 26 9 69 69
0740_0013_0031_0050_0050.jpg 1 13 31 50 50
0741_0027_0007_0063_0063.jpg 1 27 7 63 63
0742_0003_0023_0067_0067.jpg 1 3 23 67 67
0743_0028_0042_0050_0050.jpg 1 28 42 50 50
0744_0028_0046_0028_0028.jpg 1 28 46 28 28
0745_0012_0040_0045_0045.jpg 1 12 40 45 45
0746_0036_0043_0049_0049.jpg 1 36 43 49 49
0747_0026_0016_0065_0065.jpg 1 26 16 65 65
0748_0015_0037_0045_0045.jpg 1 15 37 45 45
0749_0034_0049_0036_0036.jpg 1 34 49 36 36
0750_0055_0062_0028_0028.jpg 1 55 62 28 28
0751_0022_0006_0044_0044.jpg 1 22 6 44 44
0752_0024_0031_0025_0025.jpg 1 24 31 25 25
0753_0038_0025_0032_0032.jpg 1 38 25 32 32
0754_0011_0041_0028_0028.jpg 1 11 41 28 28
0755_0029_0018_0062_0062.jpg 1 29 18 62 62
0756_0044_0028_0049_0049.jpg 1 44 28 49 49
0757_0035_0055_0036_0036.jpg 1 35 55 36 36
0758_0052_0015_0038_0038.jpg 1 52 15 38 38
0759_0038_0043_0025_0025.jpg 1 38 43 25 25
0760_0020_0021_0025_0025.jpg 1 20 21 25 25
0761_0054_0021_0034_0034.jpg 1 54 21 34 34
0762_0016_0026_0031_0031.jpg 1 16 26 31 31
0763_0028_0009_0034_0034.jpg 1 28 9 34 34
0764_0018_0009_0034_0034.jpg 1 18 9 34 34
0765_0009_0030_0060_0060.jpg 1 9 30 60 60
0766_0028_0023_0037_0037.jpg 1 28 23 37 37
0767_0010_0031_0053_0053.jpg 1 10 31 53 53
0768_0013_0052_0037_0037.jpg 1 13 52 37 37
0769_0018_0010_0055_0055.jpg 1 18 10 55 55
0770_0041_0031_0054_0054.jpg 1 41 31 54 54
0771_0008_0007_0064_0064.jpg 1 8 7 64 64
0772_0019_0038_0051_0051.jpg 1 19 38 51 51
0773_0031_0013_0058_0058.jpg 1 31 13 58 58
0774_0021_0009_0058_0058.jpg 1 21 9 58 58
0775_0035_0027_0059_0059.jpg 1 35 27 59 59
0776_0043_0045_0048_0048.jpg 1 43 45 48 48
0777_0016_0037_0025_0025.jpg 1 16 37 25 25
0778_0007_0007_0067_0067.jpg 1 7 7 67 67
0779_0019_0030_0024_0024.jpg 1 19 30 24 24
0780_0032_0006_0046_0046.jpg 1 32 6 46 46
0781_0029_0031_0032_0032.jpg 1 29 31 32 32
0782_0029_0026_0067_0067.jpg 1 29 26 67 67
0783_0056_0043_0034_0034.jpg 1 56 43 34 34
0784_0007_0026_0043_0043.jpg 1 7 26 43 43
0785_0035_0043_0050_0050.jpg 1 35 43 50 50
0786_0010_0025_0063_0063.jpg 1 10 25 63 63
0787_0061_0021_0025_0025.jpg 1 61 21 25 25
0788_0019_0016_0053_0053.jpg 1 19 16 53 53
0789_0023_0009_0059_0059.jpg 1 23 9 59 59
0790_0038_0012_0056_0056.jpg 1 38 12 56 56
0791_0034_0013_0049_0049.jpg 1 34 13 49 49
0792_0023_0044_0033_0033.jpg 1 23 44 33 33
0793_0028_0024_0042_0042.jpg 1 28 24 42 42
0794_0036_0032_0030_0030.jpg 1 36 32 30 30
0795_0026_0004_0062_0062.jpg 1 26 4 62 62
0796_0037_0029_0039_0039.jpg 1 37 29 39 39
0797_0020_0015_0052_0052.jpg 1 20 15 52 52
0798_0034_0046_0038_0038.jpg 1 34 46 38 38
0799_0056_0023_0030_0030.jpg 1 56 23 30 30
0800_0011_0052_0039_0039.jpg 1 11 52 39 39
0801_0027_0009_0028_0028.jpg 1 27 9 28 28
0802_0009_0047_0028_0028.jpg 1 9 47 28 28
0803_0046_0031_0045_0045.jpg 1 46 31 45 45
0804_0045_0052_0035_0035.jpg 1 45 52 35 35
0805_0013_0046_0026_0026.jpg 1 13 46 26 26
0806_0038_0014_0055_0055.jpg 1 38 14 55 55
0807_0015_0043_0040_0040.jpg 1 15 43 40 40
0808_0013_0010_0067_0067.jpg 1 13 10 67 67
0809_0011_0025_0025_0025.jpg 1 11 25 25 25
0810_0005_0010_0057_0057.jpg 1 5 10 57 57
0811_0019_0024_0057_0057.jpg 1 19 24 57 57
0812_0005_0021_0041_0041.jpg 1 5 21 41 41
0813_0016_0020_0064_0064.jpg 1 16 20 64 64
0814_0026_0018_0063_0063.jpg 1 26 18 63 63
0815_0009_0018_0064_0064.jpg 1 9 18 64 64
0816_0009_0034_0049_0049.jpg 1 9 34 49 49
0817_0029_0034_0060_0060.jpg 1 29 34 60 60
0818_0006_0007_0033_0033.jpg 1 6 7 33 33
0819_0028_0020_0054_0054.jpg 1 28 20 54 54
0820_0056_0019_0026_0026.jpg 1 56 19 26 26
0821_0033_0033_0035_0035.jpg 1 33 33 35 35
0822_0023_0029_0034_0034.jpg 1 23 29 34 34
0823_0038_0047_0038_0038.jpg 1 38 47 38 38
0824_0006_0019_0068_0068.jpg 1 6 19 68 68
0825_0011_0059_0027_0027.jpg 1 11 59 27 27
0826_0046_0044_0041_0041.jpg 1 46 44 41 41
0827_0037_0009_0034_0034.jpg 1 37 9 34 34
0828_0027_0027_0043_0043.jpg 1 27 27 43 43
0829_0033_0030_0056_0056.jpg 1 33 30 56 56
0830_0034_0014_0052_0052.jpg 1 34 14 52 52
0831_0010_0006_0062_0062.jpg 1 10 6 62 62
0832_0017_0025_0056_0056.jpg 1 17 25 56 56
0833_0010_0039_0048_0048.jpg 1 10 39 48 48
0834_0014_0024_0059_0059.jpg 1 14 24 59 59
0835_0029_0047_0027_0027.jpg 1 29 47 27 27
0836_0048_0044_0043_0043.jpg 1 48 44 43 43
0837_0014_0009_0033_0033.jpg 1 14 9 33 33
0838_0019_0061_0030_0030.jpg 1 19 61 30 30
0839_0008_0007_0069_0069.jpg 1 8 7 69 69
0840_0043_0013_0034_0034.jpg 1 43 13 34 34
0841_0008_0013_0046_0046.jpg 1 8 13 46 46
0842_0032_0055_0034_0034.jpg 1 32 55 34 34
0843_0036_0045_0036_0036.jpg 1 36 45 36 36
0844_0038_0028_0046_0046.jpg 1 38 28 46 46
0845_0034_0063_0027_0027.jpg 1 34 63 27 27
0846_0044_0037_0047_0047.jpg 1 44 37 47 47
0847_0020_0010_0063_0063.jpg 1 20 10 63 63
0848_0012_0020_0057_0057.jpg 1 12 20 57 57
0849_0011_0014_0068_0068.jpg 1 11 14 68 68
0850_0026_0025_0059_0059.jpg 1 26 25 59 59
0851_0051_0024_0038_0038.jpg 1 51 24 38 38
0852_0025_0009_0029_0029.jpg 1 25 9 29 29
0853_0041_0031_0052_0052.jpg 1 41 31 52 52
0854_0018_0013_0061_0061.jpg 1 18 13 61 61
0855_0009_0023_0057_0057.jpg 1 9 23 57 57
0856_0021_0019_0057_0057.jpg 1 21 19 57 57
0857_0033_0054_0035_0035.jpg 1 33 54 35 35
0858_0018_0023_0033_0033.jpg 1 18 23 33 33
0859_0022_0007_0041_0041.jpg 1 22 7 41 41
0860_0019_0009_0050_0050.jpg 1 19 9 50 50
0861_0045_0009_0025_0025.jpg 1 45 9 25 25
0862_0027_0017_0050_0050.jpg 1 27 17 50 50
0863_0027_0008_0049_0049.jpg 1 27 8 49 49
0864_0028_0039_0030_0030.jpg 1 28 39 30 30
0865_0035_0034_0036_0036.jpg 1 35 34 36 36
0866_0015_0029_0042_0042.jpg 1 15 29 42 42
0867_0011_0030_0062_0062.jpg 1 11 30 62 62
0868_0023_0027_0066_0066.jpg 1 23 27 66 66
0869_0007_0045_0028_0028.jpg 1 7 45 28 28
0870_0032_0049_0031_0031.jpg 1 32 49 31 31
0871_0046_0038_0030_0030.jpg 1 46 38 30 30
0872_0012_0006_0048_0048.jpg 1 12 6 48 48
0873_0013_0024_0026_0026.jpg 1 13 24 26 26
0874_0037_0010_0055_0055.jpg 1 37 10 55 55
0875_0055_0039_0029_0029.jpg 1 55 39 29 29
0876_0055_0057_0025_0025.jpg 1 55 57 25 25
0877_0041_0031_0044_0044.jpg 1 41 31 44 44
0878_0027_0049_0028_0028.jpg 1 27 49 28 28
0879_0055_0047_0030_0030.jpg 1 55 47 30 30
0880_0006_0007_0060_0060.jpg 1 6 7 60 60
0881_0020_0052_0032_0032.jpg 1 20 52 32 32
0882_0027_0039_0045_0045.jpg 1 27 39 45 45
0883_0020_0004_0066_0066.jpg 1 20 4 66 66
0884_0013_0037_0039_0039.jpg 1 13 37 39 39
0885_0019_0022_0055_0055.jpg 1 19 22 55 55
0886_0003_0020_0068_0068.jpg 1 3 20 68 68
0887_0042_0026_0036_0036.jpg 1 42 26 36 36
0888_0015_0015_0050_0050.jpg 1 15 15 50 50
0889_0022_0024_0068_0068.jpg 1 22 24 68 68
0890_0033_0028_0059_0059.jpg 1 33 28 59 59
0891_0032_0010_0060_0060.jpg 1 32 10 60 60
0892_0032_0015_0040_0040.jpg 1 32 15 40 40
0893_0005_0008_0065_0065.jpg 1 5 8 65 65
0894_0020_0050_0028_0028.jpg 1 20 50 28 28
0895_0040_0015_0029_0029.jpg 1 40 15 29 29
0896_0047_0032_0036_0036.jpg 1 47 32 36 36
0897_0025_0014_0050_0050.jpg 1 25 14 50 50
0898_0028_0037_0035_0035.jpg 1 28 37 35 35
0899_0010_0020_0066_0066.jpg 1 10 20 66 66
0900_0010_0031_0056_0056.jpg 1 10 31 56 56
0901_0033_0049_0025_0025.jpg 1 33 49 25 25
0902_0035_0051_0039_0039.jpg 1 35 51 39 39
0903_0021_0028_0064_0064.jpg 1 21 28 64 64
0904_0038_0046_0046_0046.jpg 1 38 46 46 46
0905_0054_0048_0033_0033.jpg 1 54 48 33 33
0906_0055_0048_0033_0033.jpg 1 55 48 33 33
0907_0022_0032_0047_0047.jpg 1 22 32 47 47
0908_0039_0017_0042_0042.jpg 1 39 17 42 42
0909_0050_0039_0043_0043.jpg 1 50 39 43 43
0910_0025_0012_0060_0060.jpg 1 25 12 60 60
0911_0053_0038_0031_0031.jpg 1 53 38 31 31
0912_0015_0014_0025_0025.jpg 1 15 14 25 25
0913_0010_0020_0047_0047.jpg 1 10 20 47 47
0914_0013_0004_0069_0069.jpg 1 13 4 69 69
0915_0043_0056_0033_0033.jpg 1 43 56 33 33
0916_0006_0041_0040_0040.jpg 1 6 41 40 40
0917_0027_0031_0061_0061.jpg 1 27 31 61 61
0918_0012_0030_0038_0038.jpg 1 12 30 38 38
0919_0048_0042_0036_0036.jpg 1 48 42 36 36
0920_0025_0050_0042_0042.jpg 1 25 50 42 42
0921_0053_0044_0030_0030.jpg 1 53 44 30 30
0922_0051_0049_0026_0026.jpg 1 51 49 26 26
0923_0044_0035_0045_0045.jpg 1 44 35 45 45
0924_0007_0008_0053_0053.jpg 1 7 8 53 53
0925_0034_0054_0034_0034.jpg 1 34 54 34 34
0926_0017_0035_0051_0051.jpg 1 17 35 51 51
0927_0019_0010_0062_0062.jpg 1 19 10 62 62
0928_0021_0014_0045_0045.jpg 1 21 14 45 45
0929_0020_0025_0062_0062.jpg 1 20 25 62 62
0930_0052_0053_0029_0029.jpg 1 52 53 29 29
0931_0008_0062_0025_0025.jpg 1 8 62 25 25
0932_0011_0024_0066_0066.jpg 1 11 24 66 66
0933_0039_0015_0044_0044.jpg 1 39 15 44 44
0934_0026_0027_0052_0052.jpg 1 26 27 52 52
0935_0011_0011_0031_0031.jpg 1 11 11 31 31
0936_0040_0016_0029_0029.jpg 1 40 16 29 29
0937_0048_0018_0034_0034.jpg 1 48 18 34 34
0938_0026_0028_0062_0062.jpg 1 26 28 62 62
0939_0017_0014_0068_0068.jpg 1 17 14 68 68
0940_0033_0007_0062_0062.jpg 1 33 7 62 62
0941_0029_0014_0055_0055.jpg 1 29 14 55 55
0942_0040_0019_0036_0036.jpg 1 40 19 36 36
0943_0031_0038_0042_0042.jpg 1 31 38 42 42
0944_0030_0014_0048_0048.jpg 1 30 14 48 48
0945_0010_0019_0069_0069.jpg 1 10 19 69 69
0946_0007_0020_0055_0055.jpg 1 7 20 55 55
0947_0008_0016_0062_0062.jpg 1 8 16 62 62
0948_0007_0011_0066_0066.jpg 1 7 11 66 66
0949_0011_0024_0051_0051.jpg 1 11 24 51 51
0950_0028_0026_0054_0054.jpg 1 28 26 54 54
0951_0018_0016_0059_0059.jpg 1 18 16 59 59
0952_0030_0034_0037_0037.jpg 1 30 34 37 37
0953_0032_0033_0054_0054.jpg 1 32 33 54 54
0954_0008_0018_0067_0067.jpg 1 8 18 67 67
0955_0020_0019_0068_0068.jpg 1 20 19 68 68
0956_0012_0053_0037_0037.jpg 1 12 53 37 37
0957_0043_0016_0028_0028.jpg 1 43 16 28 28
0958_0046_0007_0048_0048.jpg 1 46 7 48 48
0959_0014_0019_0062_0062.jpg 1 14 19 62 62
0960_0024_0024_0059_0059.jpg 1 24 24 59 59
0961_0038_0012_0050_0050.jpg 1 38 12 50 50
0962_0032_0041_0052_0052.jpg 1 32 41 52 52
0963_0020_0043_0039_0039.jpg 1 20 43 39 39
0964_0037_0043_0034_0034.jpg 1 37 43 34 34
0965_0025_0024_0069_0069.jpg 1 25 24 69 69
0966_0021_0019_0053_0053.jpg 1 21 19 53 53
0967_0024_0042_0045_0045.jpg 1 24 42 45 45
0968_0006_0027_0068_0068.jpg 1 6 27 68 68
0969_0020_0038_0052_0052.jpg 1 20 38 52 52
0970_0011_0033_0032_0032.jpg 1 11 33 32 32
0971_0062_0028_0025_0025.jpg 1 62 28 25 25
0972_0053_0026_0030_0030.jpg 1 53 26 30 30
0973_0034_0058_0029_0029.jpg 1 34 58 29 29
0974_0061_0045_0026_0026.jpg 1 61 45 26 26
0975_0050_0019_0036_0036.jpg 1 50 19 36 36
0976_0029_0015_0060_0060.jpg 1 29 15 60 60
0977_0021_0037_0050_0050.jpg 1 21 37 50 50
0978_0008_0036_0030_0030.jpg 1 8 36 30 30
0979_0013_0037_0053_0053.jpg 1 13 37 53 53
0980_0009_0031_0040_0040.jpg 1 9 31 40 40
0981_0056_0061_0029_0029.jpg 1 56 61 29 29
0982_0043_0043_0030_0030.jpg 1 43 43 30 30
0983_0017_0042_0052_0052.jpg 1 17 42 52 52
0984_0034_0040_0034_0034.jpg 1 34 40 34 34
0985_0041_0020_0027_0027.jpg 1 41 20 27 27
0986_0023_0021_0055_0055.jpg 1 23 21 55 55
0987_0027_0027_0043_0043.jpg 1 27 27 43 43
0988_0016_0023_0066_0066.jpg 1 16 23 66 66
0989_0047_0054_0039_0039.jpg 1 47 54 39 39
0990_0042_0022_0027_0027.jpg 1 42 22 27 27
0991_0037_0038_0031_0031.jpg 1 37 38 31 31
0992_0039_0009_0049_0049.jpg 1 39 9 49 49
0993_0030_0025_0062_0062.jpg 1 30 25 62 62
0994_0005_0007_0051_0051.jpg 1 5 7 51 51
0995_0048_0021_0028_0028.jpg 1 48 21 28 28
0996_0027_0023_0062_0062.jpg 1 27 23 62 62
0997_0019_0013_0063_0063.jpg 1 19 13 63 63
0998_0014_0013_0027_0027.jpg 1 14 13 27 27
0999_0034_0006_0055_0055.jpg 1 34 6 55 55
1000_0009_0029_0053_0053.jpg 1 9 29 53 53
1001_0038_0012_0047_0047.jpg 1 38 12 47 47
1002_0028_0009_0056_0056.jpg 1 28 9 56 56
1003_0054_0015_0035_0035.jpg 1 54 15 35 35
1004_0016_0030_0059_0059.jpg 1 16 30 59 59
1005_0037_0045_0032_0032.jpg 1 37 45 32 32
1006_0048_0046_0027_0027.jpg 1 48 46 27 27
1007_0018_0009_0065_0065.jpg 1 18 9 65 65
1008_0045_0034_0034_0034.jpg 1 45 34 34 34
1009_0017_0037_0040_0040.jpg 1 17 37 40 40
1010_0005_0028_0067_0067.jpg 1 5 28 67 67
1011_0020_0029_0059_0059.jpg 1 20 29 59 59
1012_0026_0037_0042_0042.jpg 1 26 37 42 42
1013_0006_0008_0066_0066.jpg 1 6 8 66 66
1014_0023_0034_0044_0044.jpg 1 23 34 44 44
1015_0046_0018_0047_0047.jpg 1 46 18 47 47
1016_0026_0036_0056_0056.jpg 1 26 36 56 56
1017_0030_0024_0051_0051.jpg 1 30 24 51 51
1018_0052_0054_0039_0039.jpg 1 52 54 39 39
1019_0031_0021_0063_0063.jpg 1 31 21 63 63
1020_0010_0036_0037_0037.jpg 1 10 36 37 37
1021_0006_0007_0056_0056.jpg 1 6 7 56 56
1022_0008_0009_0062_0062.jpg 1 8 9 62 62
1023_0020_0023_0025_0025.jpg 1 20 23 25 25
1024_0027_0007_0035_0035.jpg 1 27 7 35 35
1025_0012_0012_0025_0025.jpg 1 12 12 25 25
1026_0019_0025_0067_0067.jpg 1 19 25 67 67
1027_0024_0030_0064_0064.jpg 1 24 30 64 64
1028_0012_0009_0035_0035.jpg 1 12 9 35 35
1029_0027_0016_0063_0063.jpg 1 27 16 63 63
1030_0047_0020_0027_0027.jpg 1 47 20 27 27
1031_0035_0019_0054_0054.jpg 1 35 19 54 54
1032_0023_0017_0053_0053.jpg 1 23 17 53 53
1033_0018_0035_0037_0037.jpg 1 18 35 37 37
1034_0023_0047_0032_0032.jpg 1 23 47 32 32
1035_0044_0018_0046_0046.jpg 1 44 18 46 46
1036_0019_0027_0041_0041.jpg 1 19 27 41 41
1037_0033_0026_0057_0057.jpg 1 33 26 57 57
1038_0034_0055_0038_0038.jpg 1 34 55 38 38
1039_0047_0026_0045_0045.jpg 1 47 26 45 45
1040_0037_0022_0029_0029.jpg 1 37 22 29 29
1041_0031_0047_0028_0028.jpg 1 31 47 28 28
1042_0064_0018_0028_0028.jpg 1 64 18 28 28
1043_0014_0007_0068_0068.jpg 1 14 7 68 68
1044_0034_0050_0040_0040.jpg 1 34 50 40 40
1045_0007_0007_0067_0067.jpg 1 7 7 67 67
1046_0007_0015_0045_0045.jpg 1 7 15 45 45
1047_0043_0010_0052_0052.jpg 1 43 10 52 52
1048_0033_0028_0057_0057.jpg 1 33 28 57 57
1049_0019_0006_0047_0047.jpg 1 19 6 47 47
1050_0013_0011_0065_0065.jpg 1 13 11 65 65
1051_0031_0028_0065_0065.jpg 1 31 28 65 65
1052_0031_0012_0064_0064.jpg 1 31 12 64 64
1053_0047_0061_0029_0029.jpg 1 47 61 29 29
1054_0019_0059_0026_0026.jpg 1 19 59 26 26
1055_0005_0037_0050_0050.jpg 1 5 37 50 50
1056_0028_0029_0061_0061.jpg 1 28 29 61 61
1057_0006_0014_0058_0058.jpg 1 6 14 58 58
1058_0011_0017_0029_0029.jpg 1 11 17 29 29
1059_0026_0046_0035_0035.jpg 1 26 46 35 35
1060_0013_0005_0053_0053.jpg 1 13 5 53 53
1061_0014_0003_0069_0069.jpg 1 14 3 69 69
1062_0033_0048_0042_0042.jpg 1 33 48 42 42
1063_0065_0024_0025_0025.jpg 1 65 24 25 25
1064_0027_0018_0025_0025.jpg 1 27 18 25 25
1065_0027_0006_0043_0043.jpg 1 27 6 43 43
1066_0012_0034_0048_0048.jpg 1 12 34 48 48
1067_0022_0019_0064_0064.jpg 1 22 19 64 64
1068_0023_0014_0068_0068.jpg 1 23 14 68 68
1069_0034_0026_0059_0059.jpg 1 34 26 59 59
1070_0021_0024_0059_0059.jpg 1 21 24 59 59
1071_0008_0040_0025_0025.jpg 1 8 40 25 25
1072_0041_0037_0037_0037.jpg 1 41 37 37 37
1073_0007_0011_0040_0040.jpg 1 7 11 40 40
1074_0035_0060_0032_0032.jpg 1 35 60 32 32
1075_0008_0036_0044_0044.jpg 1 8 36 44 44
1076_0011_0011_0051_0051.jpg 1 11 11 51 51
1077_0031_0011_0051_0051.jpg 1 31 11 51 51
1078_0028_0044_0047_0047.jpg 1 28 44 47 47
1079_0018_0012_0049_0049.jpg 1 18 12 49 49
1080_0027_0034_0040_0040.jpg 1 27 34 40 40
1081_0047_0033_0043_0043.jpg 1 47 33 43 43
1082_0049_0024_0045_0045.jpg 1 49 24 45 45
1083_0035_0034_0047_0047.jpg 1 35 34 47 47
1084_0043_0016_0029_0029.jpg 1 43 16 29 29
1085_0023_0031_0054_0054.jpg 1 23 31 54 54
1086_0014_0033_0031_0031.jpg 1 14 33 31 31
1087_0031_0015_0057_0057.jpg 1 31 15 57 57
1088_0006_0032_0060_0060.jpg 1 6 32 60 60
1089_0048_0022_0035_0035.jpg 1 48 22 35 35
1090_0015_0049_0043_0043.jpg 1 15 49 43 43
1091_0016_0019_0065_0065.jpg 1 16 19 65 65
1092_0028_0008_0065_0065.jpg 1 28 8 65 65
1093_0017_0040_0027_0027.jpg 1 17 40 27 27
1094_0019_0025_0062_0062.jpg 1 19 25 62 62
1095_0057_0025_0032_0032.jpg 1 57 25 32 32
1096_0021_0015_0052_0052.jpg 1 21 15 52 52
1097_0028_0020_0050_0050.jpg 1 28 20 50 50
1098_0037_0008_0025_0025.jpg 1 37 8 25 25
1099_0009_0041_0053_0053.jpg 1 9 41 53 53
1100_0022_0037_0044_0044.jpg 1 22 37 44 44
1101_0043_0038_0033_0033.jpg 1 43 38 33 33
1102_0041_0026_0045_0045.jpg 1 41 26 45 45
1103_0049_0021_0045_0045.jpg 1 49 21 45 45
1104_0032_0016_0058_0058.jpg 1 32 16 58 58
1105_0025_0021_0054_0054.jpg 1 25 21 54 54
1106_0013_0028_0052_0052.jpg 1 13 28 52 52
1107_0017_0007_0066_0066.jpg 1 17 7 66 66
1108_0012_0048_0044_0044.jpg 1 12 48 44 44
1109_0028_0021_0058_0058.jpg 1 28 21 58 58
1110_0037_0015_0047_0047.jpg 1 37 15 47 47
1111_0017_0015_0068_0068.jpg 1 17 15 68 68
1112_0049_0010_0042_0042.jpg 1 49 10 42 42
1113_0043_0062_0026_0026.jpg 1 43 62 26 26
1114_0035_0043_0028_0028.jpg 1 35 43 28 28
1115_0041_0026_0050_0050.jpg 1 41 26 50 50
1116_0032_0026_0047_0047.jpg 1 32 26 47 47
1117_0044_0044_0034_0034.jpg 1 44 44 34 34
1118_0048_0037_0028_0028.jpg 1 48 37 28 28
1119_0015_0032_0038_0038.jpg 1 15 32 38 38
1120_0053_0017_0033_0033.jpg 1 53 17 33 33
1121_0033_0007_0024_0024.jpg 1 33 7 24 24
1122_0012_0018_0069_0069.jpg 1 12 18 69 69
1123_0040_0025_0034_0034.jpg 1 40 25 34 34
1124_0033_0047_0044_0044.jpg 1 33 47 44 44
1125_0032_0022_0062_0062.jpg 1 32 22 62 62
1126_0046_0006_0047_0047.jpg 1 46 6 47 47
1127_0009_0027_0065_0065.jpg 1 9 27 65 65
1128_0018_0028_0067_0067.jpg 1 18 28 67 67
1129_0031_0038_0051_0051.jpg 1 31 38 51 51
1130_0042_0040_0026_0026.jpg 1 42 40 26 26
1131_0019_0008_0039_0039.jpg 1 19 8 39 39
1132_0030_0031_0054_0054.jpg 1 30 31 54 54
1133_0060_0014_0028_0028.jpg 1 60 14 28 28
1134_0025_0010_0026_0026.jpg 1 25 10 26 26
1135_0041_0034_0049_0049.jpg 1 41 34 49 49
1136_0020_0048_0029_0029.jpg 1 20 48 29 29
1137_0026_0040_0041_0041.jpg 1 26 40 41 41
1138_0031_0055_0032_0032.jpg 1 31 55 32 32
1139_0037_0026_0043_0043.jpg 1 37 26 43 43
1140_0020_0021_0058_0058.jpg 1 20 21 58 58
1141_0007_0032_0039_0039.jpg 1 7 32 39 39
1142_0015_0016_0065_0065.jpg 1 15 16 65 65
1143_0024_0057_0029_0029.jpg 1 24 57 29 29
1144_0034_0007_0025_0025.jpg 1 34 7 25 25
1145_0043_0032_0050_0050.jpg 1 43 32 50 50
1146_0032_0043_0043_0043.jpg 1 32 43 43 43
1147_0022_0018_0051_0051.jpg 1 22 18 51 51
1148_0018_0033_0050_0050.jpg 1 18 33 50 50
1149_0021_0033_0063_0063.jpg 1 21 33 63 63
1150_0024_0017_0051_0051.jpg 1 24 17 51 51
1151_0012_0033_0043_0043.jpg 1 12 33 43 43
1152_0018_0023_0063_0063.jpg 1 18 23 63 63
1153_0021_0014_0057_0057.jpg 1 21 14 57 57
1154_0055_0060_0032_0032.jpg 1 55 60 32 32
1155_0015_0025_0056_0056.jpg 1 15 25 56 56
1156_0011_0030_0057_0057.jpg 1 11 30 57 57
1157_0047_0038_0040_0040.jpg 1 47 38 40 40
1158_0012_0044_0038_0038.jpg 1 12 44 38 38
1159_0031_0019_0047_0047.jpg 1 31 19 47 47
1160_0007_0024_0034_0034.jpg 1 7 24 34 34
1161_0008_0036_0047_0047.jpg 1 8 36 47 47
1162_0027_0040_0044_0044.jpg 1 27 40 44 44
1163_0023_0010_0058_0058.jpg 1 23 10 58 58
1164_0036_0011_0048_0048.jpg 1 36 11 48 48
1165_0025_0029_0054_0054.jpg 1 25 29 54 54
1166_0019_0007_0067_0067.jpg 1 19 7 67 67
1167_0030_0028_0056_0056.jpg 1 30 28 56 56
1168_0024_0028_0067_0067.jpg 1 24 28 67 67
1169_0030_0005_0048_0048.jpg 1 30 5 48 48
1170_0012_0006_0063_0063.jpg 1 12 6 63 63
1171_0028_0029_0052_0052.jpg 1 28 29 52 52
1172_0028_0048_0043_0043.jpg 1 28 48 43 43
1173_0014_0017_0064_0064.jpg 1 14 17 64 64
1174_0029_0043_0030_0030.jpg 1 29 43 30 30
1175_0018_0019_0056_0056.jpg 1 18 19 56 56
1176_0007_0019_0032_0032.jpg 1 7 19 32 32
1177_0029_0035_0056_0056.jpg 1 29 35 56 56
1178_0041_0034_0032_0032.jpg 1 41 34 32 32
1179_0016_0011_0043_0043.jpg 1 16 11 43 43
1180_0028_0012_0048_0048.jpg 1 28 12 48 48
1181_0038_0025_0035_0035.jpg 1 38 25 35 35
1182_0046_0048_0028_0028.jpg 1 46 48 28 28
1183_0006_0031_0051_0051.jpg 1 6 31 51 51
1184_0027_0013_0050_0050.jpg 1 27 13 50 50
1185_0021_0018_0068_0068.jpg 1 21 18 68 68
1186_0010_0017_0056_0056.jpg 1 10 17 56 56
1187_0056_0055_0024_0024.jpg 1 56 55 24 24
1188_0014_0043_0033_0033.jpg 1 14 43 33 33
1189_0011_0045_0034_0034.jpg 1 11 45 34 34
1190_0014_0009_0037_0037.jpg 1 14 9 37 37
1191_0017_0017_0066_0066.jpg 1 17 17 66 66
1192_0059_0041_0029_0029.jpg 1 59 41 29 29
1193_0060_0065_0026_0026.jpg 1 60 65 26 26
1194_0019_0033_0050_0050.jpg 1 19 33 50 50
1195_0019_0033_0028_0028.jpg 1 19 33 28 28
1196_0017_0051_0029_0029.jpg 1 17 51 29 29
1197_0009_0019_0045_0045.jpg 1 9 19 45 45
1198_0039_0005_0049_0049.jpg 1 39 5 49 49
1199_0039_0005_0055_0055.jpg 1 39 5 55 55
1200_0027_0039_0043_0043.jpg 1 27 39 43 43
1201_0026_0039_0026_0026.jpg 1 26 39 26 26
1202_0032_0021_0064_0064.jpg 1 32 21 64 64
1203_0003_0006_0062_0062.jpg 1 3 6 62 62
1204_0008_0026_0068_0068.jpg 1 8 26 68 68
1205_0024_0010_0064_0064.jpg 1 24 10 64 64
1206_0023_0058_0024_0024.jpg 1 23 58 24 24
1207_0016_0014_0064_0064.jpg 1 16 14 64 64
1208_0014_0018_0057_0057.jpg 1 14 18 57 57
1209_0034_0027_0059_0059.jpg 1 34 27 59 59
1210_0023_0055_0034_0034.jpg 1 23 55 34 34
1211_0017_0006_0041_0041.jpg 1 17 6 41 41
1212_0021_0041_0043_0043.jpg 1 21 41 43 43
1213_0011_0036_0059_0059.jpg 1 11 36 59 59
1214_0036_0020_0025_0025.jpg 1 36 20 25 25
1215_0032_0010_0045_0045.jpg 1 32 10 45 45
1216_0029_0032_0051_0051.jpg 1 29 32 51 51
1217_0060_0028_0030_0030.jpg 1 60 28 30 30
1218_0052_0059_0025_0025.jpg 1 52 59 25 25
1219_0042_0045_0039_0039.jpg 1 42 45 39 39
1220_0017_0027_0069_0069.jpg 1 17 27 69 69
1221_0017_0040_0039_0039.jpg 1 17 40 39 39
1222_0051_0021_0026_0026.jpg 1 51 21 26 26
1223_0033_0041_0051_0051.jpg 1 33 41 51 51
1224_0012_0044_0047_0047.jpg 1 12 44 47 47
1225_0010_0023_0065_0065.jpg 1 10 23 65 65
1226_0011_0012_0031_0031.jpg 1 11 12 31 31
1227_0021_0021_0032_0032.jpg 1 21 21 32 32
1228_0029_0026_0066_0066.jpg 1 29 26 66 66
1229_0022_0029_0027_0027.jpg 1 22 29 27 27
1230_0049_0052_0024_0024.jpg 1 49 52 24 24
1231_0039_0049_0042_0042.jpg 1 39 49 42 42
1232_0021_0045_0026_0026.jpg 1 21 45 26 26
1233_0024_0044_0046_0046.jpg 1 24 44 46 46
1234_0024_0019_0064_0064.jpg 1 24 19 64 64
1235_0034_0018_0036_0036.jpg 1 34 18 36 36
1236_0016_0005_0051_0051.jpg 1 16 5 51 51
1237_0025_0024_0059_0059.jpg 1 25 24 59 59
1238_0044_0019_0035_0035.jpg 1 44 19 35 35
1239_0035_0026_0052_0052.jpg 1 35 26 52 52
1240_0018_0007_0069_0069.jpg 1 18 7 69 69
1241_0025_0007_0060_0060.jpg 1 25 7 60 60
1242_0030_0025_0062_0062.jpg 1 30 25 62 62
1243_0050_0020_0024_0024.jpg 1 50 20 24 24
1244_0032_0017_0060_0060.jpg 1 32 17 60 60
1245_0021_0030_0059_0059.jpg 1 21 30 59 59
1246_0029_0014_0051_0051.jpg 1 29 14 51 51
1247_0031_0014_0054_0054.jpg 1 31 14 54 54
1248_0029_0010_0067_0067.jpg 1 29 10 67 67
1249_0004_0007_0067_0067.jpg 1 4 7 67 67
1250_0036_0012_0053_0053.jpg 1 36 12 53 53
1251_0028_0032_0040_0040.jpg 1 28 32 40 40
1252_0009_0025_0063_0063.jpg 1 9 25 63 63
1253_0012_0028_0054_0054.jpg 1 12 28 54 54
1254_0033_0045_0048_0048.jpg 1 33 45 48 48
1255_0041_0065_0025_0025.jpg 1 41 65 25 25
1256_0030_0018_0040_0040.jpg 1 30 18 40 40
1257_0045_0052_0037_0037.jpg 1 45 52 37 37
1258_0026_0058_0027_0027.jpg 1 26 58 27 27
1259_0008_0036_0033_0033.jpg 1 8 36 33 33
1260_0036_0044_0039_0039.jpg 1 36 44 39 39
1261_0024_0013_0068_0068.jpg 1 24 13 68 68
1262_0042_0057_0031_0031.jpg 1 42 57 31 31
1263_0041_0044_0048_0048.jpg 1 41 44 48 48
1264_0013_0039_0044_0044.jpg 1 13 39 44 44
1265_0044_0009_0030_0030.jpg 1 44 9 30 30
1266_0020_0040_0048_0048.jpg 1 20 40 48 48
1267_0037_0033_0054_0054.jpg 1 37 33 54 54
1268_0038_0053_0030_0030.jpg 1 38 53 30 30
1269_0004_0013_0059_0059.jpg 1 4 13 59 59
1270_0036_0013_0025_0025.jpg 1 36 13 25 25
1271_0023_0013_0059_0059.jpg 1 23 13 59 59
1272_0013_0037_0030_0030.jpg 1 13 37 30 30
1273_0031_0033_0032_0032.jpg 1 31 33 32 32
1274_0064_0013_0026_0026.jpg 1 64 13 26 26
1275_0026_0018_0028_0028.jpg 1 26 18 28 28
1276_0043_0044_0050_0050.jpg 1 43 44 50 50
1277_0019_0018_0060_0060.jpg 1 19 18 60 60
1278_0008_0011_0052_0052.jpg 1 8 11 52 52
1279_0036_0011_0056_0056.jpg 1 36 11 56 56
1280_0045_0046_0032_0032.jpg 1 45 46 32 32
1281_0028_0025_0052_0052.jpg 1 28 25 52 52
1282_0045_0047_0029_0029.jpg 1 45 47 29 29
1283_0014_0026_0067_0067.jpg 1 14 26 67 67
1284_0057_0045_0028_0028.jpg 1 57 45 28 28
1285_0056_0032_0032_0032.jpg 1 56 32 32 32
1286_0017_0003_0061_0061.jpg 1 17 3 61 61
1287_0007_0039_0031_0031.jpg 1 7 39 31 31
1288_0011_0026_0065_0065.jpg 1 11 26 65 65
1289_0023_0016_0052_0052.jpg 1 23 16 52 52
1290_0007_0019_0046_0046.jpg 1 7 19 46 46
1291_0036_0008_0034_0034.jpg 1 36 8 34 34
1292_0055_0040_0033_0033.jpg 1 55 40 33 33
1293_0009_0009_0030_0030.jpg 1 9 9 30 30
1294_0008_0016_0046_0046.jpg 1 8 16 46 46
1295_0045_0010_0046_0046.jpg 1 45 10 46 46
1296_0036_0047_0042_0042.jpg 1 36 47 42 42
1297_0011_0034_0060_0060.jpg 1 11 34 60 60
1298_0046_0036_0039_0039.jpg 1 46 36 39 39
1299_0022_0034_0059_0059.jpg 1 22 34 59 59
1300_0023_0008_0064_0064.jpg 1 23 8 64 64
1301_0034_0008_0039_0039.jpg 1 34 8 39 39
1302_0016_0029_0045_0045.jpg 1 16 29 45 45
1303_0014_0031_0052_0052.jpg 1 14 31 52 52
1304_0033_0019_0058_0058.jpg 1 33 19 58 58
1305_0004_0019_0062_0062.jpg 1 4 19 62 62
1306_0028_0023_0060_0060.jpg 1 28 23 60 60
1307_0036_0025_0026_0026.jpg 1 36 25 26 26
1308_0016_0035_0055_0055.jpg 1 16 35 55 55
1309_0029_0046_0039_0039.jpg 1 29 46 39 39
1310_0022_0019_0067_0067.jpg 1 22 19 67 67
1311_0013_0030_0056_0056.jpg 1 13 30 56 56
1312_0048_0041_0045_0045.jpg 1 48 41 45 45
1313_0012_0022_0031_0031.jpg 1 12 22 31 31
1314_0009_0004_0065_0065.jpg 1 9 4 65 65
1315_0016_0016_0052_0052.jpg 1 16 16 52 52
1316_0019_0031_0031_0031.jpg 1 19 31 31 31
1317_0026_0029_0048_0048.jpg 1 26 29 48 48
1318_0035_0029_0038_0038.jpg 1 35 29 38 38
1319_0021_0027_0066_0066.jpg 1 21 27 66 66
1320_0008_0013_0054_0054.jpg 1 8 13 54 54
1321_0010_0029_0064_0064.jpg 1 10 29 64 64
1322_0023_0022_0060_0060.jpg 1 23 22 60 60
1323_0040_0044_0041_0041.jpg 1 40 44 41 41
1324_0012_0023_0058_0058.jpg 1 12 23 58 58
1325_0065_0021_0024_0024.jpg 1 65 21 24 24
1326_0010_0025_0067_0067.jpg 1 10 25 67 67
1327_0041_0048_0045_0045.jpg 1 41 48 45 45
1328_0012_0032_0031_0031.jpg 1 12 32 31 31
1329_0020_0045_0038_0038.jpg 1 20 45 38 38
1330_0007_0039_0050_0050.jpg 1 7 39 50 50
1331_0022_0007_0038_0038.jpg 1 22 7 38 38
1332_0004_0035_0057_0057.jpg 1 4 35 57 57
1333_0031_0040_0028_0028.jpg 1 31 40 28 28
1334_0036_0050_0036_0036.jpg 1 36 50 36 36
1335_0054_0052_0039_0039.jpg 1 54 52 39 39
1336_0027_0034_0039_0039.jpg 1 27 34 39 39
1337_0049_0014_0032_0032.jpg 1 49 14 32 32
1338_0048_0026_0027_0027.jpg 1 48 26 27 27
1339_0004_0021_0051_0051.jpg 1 4 21 51 51
1340_0008_0049_0041_0041.jpg 1 8 49 41 41
1341_0035_0013_0031_0031.jpg 1 35 13 31 31
1342_0024_0054_0039_0039.jpg 1 24 54 39 39
1343_0034_0037_0041_0041.jpg 1 34 37 41 41
1344_0019_0014_0059_0059.jpg 1 19 14 59 59
1345_0045_0048_0046_0046.jpg 1 45 48 46 46
1346_0019_0022_0037_0037.jpg 1 19 22 37 37
1347_0025_0016_0048_0048.jpg 1 25 16 48 48
1348_0020_0058_0034_0034.jpg 1 20 58 34 34
1349_0028_0022_0053_0053.jpg 1 28 22 53 53
1350_0014_0030_0060_0060.jpg 1 14 30 60 60
1351_0006_0022_0068_0068.jpg 1 6 22 68 68
1352_0030_0027_0041_0041.jpg 1 30 27 41 41
1353_0006_0037_0045_0045.jpg 1 6 37 45 45
1354_0010_0063_0026_0026.jpg 1 10 63 26 26
1355_0025_0020_0050_0050.jpg 1 25 20 50 50
1356_0009_0030_0045_0045.jpg 1 9 30 45 45
1357_0039_0005_0056_0056.jpg 1 39 5 56 56
1358_0034_0009_0025_0025.jpg 1 34 9 25 25
1359_0011_0028_0066_0066.jpg 1 11 28 66 66
1360_0019_0021_0055_0055.jpg 1 19 21 55 55
1361_0010_0027_0053_0053.jpg 1 10 27 53 53
1362_0031_0024_0063_0063.jpg 1 31 24 63 63
1363_0055_0041_0026_0026.jpg 1 55 41 26 26
1364_0034_0032_0060_0060.jpg 1 34 32 60 60
1365_0033_0017_0041_0041.jpg 1 33 17 41 41
1366_0044_0031_0043_0043.jpg 1 44 31 43 43
1367_0041_0019_0027_0027.jpg 1 41 19 27 27
1368_0041_0028_0049_0049.jpg 1 41 28 49 49
1369_0024_0024_0059_0059.jpg 1 24 24 59 59
1370_0023_0038_0045_0045.jpg 1 23 38 45 45
1371_0033_0032_0049_0049.jpg 1 33 32 49 49
1372_0021_0015_0057_0057.jpg 1 21 15 57 57
1373_0042_0040_0031_0031.jpg 1 42 40 31 31
1374_0007_0009_0056_0056.jpg 1 7 9 56 56
1375_0023_0032_0036_0036.jpg 1 23 32 36 36
1376_0029_0036_0058_0058.jpg 1 29 36 58 58
1377_0017_0015_0049_0049.jpg 1 17 15 49 49
1378_0011_0040_0046_0046.jpg 1 11 40 46 46
1379_0025_0058_0033_0033.jpg 1 25 58 33 33
1380_0024_0037_0053_0053.jpg 1 24 37 53 53
1381_0038_0005_0047_0047.jpg 1 38 5 47 47
1382_0054_0036_0028_0028.jpg 1 54 36 28 28
1383_0016_0016_0038_0038.jpg 1 16 16 38 38
1384_0008_0021_0063_0063.jpg 1 8 21 63 63
1385_0054_0025_0025_0025.jpg 1 54 25 25 25
1386_0038_0024_0037_0037.jpg 1 38 24 37 37
1387_0011_0044_0030_0030.jpg 1 11 44 30 30
1388_0063_0063_0024_0024.jpg 1 63 63 24 24
1389_0007_0008_0049_0049.jpg 1 7 8 49 49
1390_0034_0047_0044_0044.jpg 1 34 47 44 44
1391_0018_0033_0035_0035.jpg 1 18 33 35 35
1392_0029_0033_0036_0036.jpg 1 29 33 36 36
1393_0011_0007_0042_0042.jpg 1 11 7 42 42
1394_0006_0031_0046_0046.jpg 1 6 31 46 46
1395_0042_0037_0037_0037.jpg 1 42 37 37 37
1396_0034_0034_0048_0048.jpg 1 34 34 48 48
1397_0016_0049_0029_0029.jpg 1 16 49 29 29
1398_0012_0028_0058_0058.jpg 1 12 28 58 58
1399_0029_0033_0063_0063.jpg 1 29 33 63 63
1400_0038_0052_0039_0039.jpg 1 38 52 39 39
1401_0004_0006_0064_0064.jpg 1 4 6 64 64
1402_0020_0029_0061_0061.jpg 1 20 29 61 61
1403_0026_0016_0064_0064.jpg 1 26 16 64 64
1404_0027_0027_0061_0061.jpg 1 27 27 61 61
1405_0029_0029_0053_0053.jpg 1 29 29 53 53
1406_0010_0045_0035_0035.jpg 1 10 45 35 35
1407_0042_0014_0030_0030.jpg 1 42 14 30 30
1408_0023_0032_0056_0056.jpg 1 23 32 56 56
1409_0013_0024_0061_0061.jpg 1 13 24 61 61
1410_0030_0049_0029_0029.jpg 1 30 49 29 29
1411_0029_0019_0044_0044.jpg 1 29 19 44 44
1412_0011_0012_0055_0055.jpg 1 11 12 55 55
1413_0027_0008_0046_0046.jpg 1 27 8 46 46
1414_0037_0030_0055_0055.jpg 1 37 30 55 55
1415_0025_0022_0039_0039.jpg 1 25 22 39 39
1416_0008_0026_0063_0063.jpg 1 8 26 63 63
1417_0014_0025_0044_0044.jpg 1 14 25 44 44
1418_0048_0041_0043_0043.jpg 1 48 41 43 43
1419_0016_0025_0053_0053.jpg 1 16 25 53 53
1420_0034_0053_0024_0024.jpg 1 34 53 24 24
1421_0015_0031_0061_0061.jpg 1 15 31 61 61
1422_0035_0015_0046_0046.jpg 1 35 15 46 46
1423_0056_0039_0037_0037.jpg 1 56 39 37 37
1424_0034_0037_0025_0025.jpg 1 34 37 25 25
1425_0023_0050_0028_0028.jpg 1 23 50 28 28
1426_0026_0063_0027_0027.jpg 1 26 63 27 27
1427_0033_0015_0030_0030.jpg 1 33 15 30 30
1428_0040_0019_0037_0037.jpg 1 40 19 37 37
1429_0017_0036_0035_0035.jpg 1 17 36 35 35
1430_0046_0038_0048_0048.jpg 1 46 38 48 48
1431_0029_0025_0044_0044.jpg 1 29 25 44 44
1432_0054_0029_0029_0029.jpg 1 54 29 29 29
1433_0017_0025_0066_0066.jpg 1 17 25 66 66
1434_0029_0047_0036_0036.jpg 1 29 47 36 36
1435_0015_0005_0068_0068.jpg 1 15 5 68 68
1436_0057_0008_0036_0036.jpg 1 57 8 36 36
1437_0051_0027_0031_0031.jpg 1 51 27 31 31
1438_0018_0029_0064_0064.jpg 1 18 29 64 64
1439_0037_0009_0045_0045.jpg 1 37 9 45 45
1440_0006_0054_0033_0033.jpg 1 6 54 33 33
1441_0017_0030_0051_0051.jpg 1 17 30 51 51
1442_0013_0009_0061_0061.jpg 1 13 9 61 61
1443_0024_0019_0028_0028.jpg 1 24 19 28 28
1444_0031_0012_0053_0053.jpg 1 31 12 53 53
1445_0020_0016_0066_0066.jpg 1 20 16 66 66
1446_0024_0027_0068_0068.jpg 1 24 27 68 68
1447_0008_0028_0041_0041.jpg 1 8 28 41 41
1448_0011_0017_0063_0063.jpg 1 11 17 63 63
1449_0025_0019_0031_0031.jpg 1 25 19 31 31
1450_0025_0025_0025_0025.jpg 1 25 25 25 25
1451_0017_0010_0056_0056.jpg 1 17 10 56 56
1452_0048_0013_0024_0024.jpg 1 48 13 24 24
1453_0027_0022_0061_0061.jpg 1 27 22 61 61
1454_0042_0023_0041_0041.jpg 1 42 23 41 41
1455_0012_0009_0057_0057.jpg 1 12 9 57 57
1456_0020_0010_0057_0057.jpg 1 20 10 57 57
1457_0023_0027_0063_0063.jpg 1 23 27 63 63
1458_0035_0034_0028_0028.jpg 1 35 34 28 28
1459_0030_0033_0040_0040.jpg 1 30 33 40 40
1460_0015_0049_0036_0036.jpg 1 15 49 36 36
1461_0020_0007_0060_0060.jpg 1 20 7 60 60
1462_0009_0012_0058_0058.jpg 1 9 12 58 58
1463_0012_0045_0039_0039.jpg 1 12 45 39 39
1464_0021_0026_0066_0066.jpg 1 21 26 66 66
1465_0006_0007_0064_0064.jpg 1 6 7 64 64
1466_0012_0013_0065_0065.jpg 1 12 13 65 65
1467_0018_0044_0027_0027.jpg 1 18 44 27 27
1468_0010_0044_0024_0024.jpg 1 10 44 24 24
1469_0017_0042_0034_0034.jpg 1 17 42 34 34
1470_0015_0032_0029_0029.jpg 1 15 32 29 29
1471_0055_0019_0024_0024.jpg 1 55 19 24 24
1472_0029_0052_0031_0031.jpg 1 29 52 31 31
1473_0010_0021_0029_0029.jpg 1 10 21 29 29
1474_0026_0034_0054_0054.jpg 1 26 34 54 54
1475_0031_0013_0034_0034.jpg 1 31 13 34 34
1476_0061_0057_0024_0024.jpg 1 61 57 24 24
1477_0013_0059_0029_0029.jpg 1 13 59 29 29
1478_0012_0008_0038_0038.jpg 1 12 8 38 38
1479_0018_0037_0041_0041.jpg 1 18 37 41 41
1480_0012_0005_0052_0052.jpg 1 12 5 52 52
1481_0041_0021_0025_0025.jpg 1 41 21 25 25
1482_0051_0027_0031_0031.jpg 1 51 27 31 31
1483_0010_0033_0063_0063.jpg 1 10 33 63 63
1484_0065_0043_0024_0024.jpg 1 65 43 24 24
1485_0030_0052_0026_0026.jpg 1 30 52 26 26
1486_0048_0063_0026_0026.jpg 1 48 63 26 26
1487_0012_0031_0063_0063.jpg 1 12 31 63 63
1488_0034_0019_0031_0031.jpg 1 34 19 31 31
1489_0018_0005_0069_0069.jpg 1 18 5 69 69
1490_0014_0011_0069_0069.jpg 1 14 11 69 69
1491_0005_0013_0047_0047.jpg 1 5 13 47 47
1492_0031_0009_0033_0033.jpg 1 31 9 33 33
1493_0045_0009_0040_0040.jpg 1 45 9 40 40
1494_0007_0046_0040_0040.jpg 1 7 46 40 40
1495_0060_0018_0027_0027.jpg 1 60 18 27 27
1496_0019_0031_0029_0029.jpg 1 19 31 29 29
1497_0059_0065_0024_0024.jpg 1 59 65 24 24
1498_0017_0028_0054_0054.jpg 1 17 28 54 54
1499_0011_0055_0038_0038.jpg 1 11 55 38 38
1500_0007_0035_0036_0036.jpg 1 7 35 36 36
1501_0010_0003_0068_0068.jpg 1 10 3 68 68
1502_0027_0025_0055_0055.jpg 1 27 25 55 55
1503_0022_0011_0057_0057.jpg 1 22 11 57 57
1504_0023_0044_0051_0051.jpg 1 23 44 51 51
1505_0024_0014_0041_0041.jpg 1 24 14 41 41
1506_0031_0031_0057_0057.jpg 1 31 31 57 57
1507_0012_0008_0063_0063.jpg 1 12 8 63 63
1508_0050_0036_0042_0042.jpg 1 50 36 42 42
1509_0009_0027_0031_0031.jpg 1 9 27 31 31
1510_0028_0023_0067_0067.jpg 1 28 23 67 67
1511_0046_0017_0026_0026.jpg 1 46 17 26 26
1512_0059_0056_0024_0024.jpg 1 59 56 24 24
1513_0052_0012_0035_0035.jpg 1 52 12 35 35
1514_0032_0032_0026_0026.jpg 1 32 32 26 26
1515_0004_0013_0064_0064.jpg 1 4 13 64 64
1516_0034_0005_0060_0060.jpg 1 34 5 60 60
1517_0010_0007_0054_0054.jpg 1 10 7 54 54
1518_0032_0013_0043_0043.jpg 1 32 13 43 43
1519_0045_0039_0039_0039.jpg 1 45 39 39 39
1520_0021_0045_0039_0039.jpg 1 21 45 39 39
1521_0054_0062_0029_0029.jpg 1 54 62 29 29
1522_0028_0035_0058_0058.jpg 1 28 35 58 58
1523_0056_0008_0027_0027.jpg 1 56 8 27 27
1524_0023_0013_0045_0045.jpg 1 23 13 45 45
1525_0032_0058_0033_0033.jpg 1 32 58 33 33
1526_0008_0028_0064_0064.jpg 1 8 28 64 64
1527_0007_0041_0045_0045.jpg 1 7 41 45 45
1528_0016_0006_0059_0059.jpg 1 16 6 59 59
1529_0021_0005_0065_0065.jpg 1 21 5 65 65
1530_0042_0006_0047_0047.jpg 1 42 6 47 47
1531_0009_0052_0025_0025.jpg 1 9 52 25 25
1532_0014_0041_0051_0051.jpg 1 14 41 51 51
1533_0052_0018_0035_0035.jpg 1 52 18 35 35
1534_0022_0061_0028_0028.jpg 1 22 61 28 28
1535_0013_0007_0061_0061.jpg 1 13 7 61 61
1536_0016_0025_0043_0043.jpg 1 16 25 43 43
1537_0012_0011_0067_0067.jpg 1 12 11 67 67
1538_0036_0008_0033_0033.jpg 1 36 8 33 33
1539_0044_0022_0039_0039.jpg 1 44 22 39 39
1540_0035_0033_0033_0033.jpg 1 35 33 33 33
1541_0017_0024_0054_0054.jpg 1 17 24 54 54
1542_0008_0021_0056_0056.jpg 1 8 21 56 56
1543_0012_0040_0045_0045.jpg 1 12 40 45 45
1544_0016_0035_0048_0048.jpg 1 16 35 48 48
1545_0029_0027_0041_0041.jpg 1 29 27 41 41
1546_0009_0009_0027_0027.jpg 1 9 9 27 27
1547_0043_0017_0051_0051.jpg 1 43 17 51 51
1548_0013_0036_0041_0041.jpg 1 13 36 41 41
1549_0017_0044_0048_0048.jpg 1 17 44 48 48
1550_0023_0031_0061_0061.jpg 1 23 31 61 61
1551_0047_0033_0045_0045.jpg 1 47 33 45 45
1552_0023_0027_0033_0033.jpg 1 23 27 33 33
1553_0048_0036_0044_0044.jpg 1 48 36 44 44
1554_0020_0015_0042_0042.jpg 1 20 15 42 42
1555_0051_0025_0038_0038.jpg 1 51 25 38 38
1556_0031_0030_0055_0055.jpg 1 31 30 55 55
1557_0036_0008_0030_0030.jpg 1 36 8 30 30
1558_0016_0024_0069_0069.jpg 1 16 24 69 69
1559_0026_0049_0040_0040.jpg 1 26 49 40 40
1560_0011_0025_0045_0045.jpg 1 11 25 45 45
1561_0041_0007_0029_0029.jpg 1 41 7 29 29
1562_0017_0007_0065_0065.jpg 1 17 7 65 65
1563_0039_0022_0047_0047.jpg 1 39 22 47 47
1564_0023_0007_0067_0067.jpg 1 23 7 67 67
1565_0015_0006_0065_0065.jpg 1 15 6 65 65
1566_0054_0013_0032_0032.jpg 1 54 13 32 32
1567_0030_0034_0049_0049.jpg 1 30 34 49 49
1568_0023_0012_0064_0064.jpg 1 23 12 64 64
1569_0012_0018_0028_0028.jpg 1 12 18 28 28
1570_0010_0017_0050_0050.jpg 1 10 17 50 50
1571_0036_0027_0034_0034.jpg 1 36 27 34 34
1572_0039_0043_0043_0043.jpg 1 39 43 43 43
1573_0004_0017_0053_0053.jpg 1 4 17 53 53
1574_0022_0040_0050_0050.jpg 1 22 40 50 50
1575_0039_0005_0052_0052.jpg 1 39 5 52 52
1576_0026_0048_0045_0045.jpg 1 26 48 45 45
1577_0005_0022_0045_0045.jpg 1 5 22 45 45
1578_0013_0046_0042_0042.jpg 1 13 46 42 42
1579_0019_0011_0029_0029.jpg 1 19 11 29 29
1580_0037_0008_0052_0052.jpg 1 37 8 52 52
1581_0020_0005_0067_0067.jpg 1 20 5 67 67
1582_0027_0010_0069_0069.jpg 1 27 10 69 69
1583_0024_0033_0044_0044.jpg 1 24 33 44 44
1584_0012_0028_0063_0063.jpg 1 12 28 63 63
1585_0020_0027_0059_0059.jpg 1 20 27 59 59
1586_0034_0040_0042_0042.jpg 1 34 40 42 42
1587_0018_0032_0040_0040.jpg 1 18 32 40 40
1588_0017_0015_0067_0067.jpg 1 17 15 67 67
1589_0020_0017_0065_0065.jpg 1 20 17 65 65
1590_0020_0031_0055_0055.jpg 1 20 31 55 55
1591_0032_0044_0027_0027.jpg 1 32 44 27 27
1592_0023_0013_0067_0067.jpg 1 23 13 67 67
1593_0023_0017_0054_0054.jpg 1 23 17 54 54
1594_0059_0016_0024_0024.jpg 1 59 16 24 24
1595_0034_0022_0045_0045.jpg 1 34 22 45 45
1596_0018_0019_0066_0066.jpg 1 18 19 66 66
1597_0010_0023_0049_0049.jpg 1 10 23 49 49
1598_0033_0008_0027_0027.jpg 1 33 8 27 27
1599_0033_0051_0033_0033.jpg 1 33 51 33 33
1600_0043_0033_0046_0046.jpg 1 43 33 46 46
1601_0011_0017_0069_0069.jpg 1 11 17 69 69
1602_0016_0009_0065_0065.jpg 1 16 9 65 65
1603_0027_0039_0024_0024.jpg 1 27 39 24 24
1604_0048_0053_0038_0038.jpg 1 48 53 38 38
1605_0019_0037_0053_0053.jpg 1 19 37 53 53
1606_0021_0042_0049_0049.jpg 1 21 42 49 49
1607_0005_0030_0064_0064.jpg 1 5 30 64 64
1608_0041_0036_0038_0038.jpg 1 41 36 38 38
1609_0037_0009_0052_0052.jpg 1 37 9 52 52
1610_0061_0047_0029_0029.jpg 1 61 47 29 29
1611_0018_0009_0028_0028.jpg 1 18 9 28 28
1612_0025_0022_0045_0045.jpg 1 25 22 45 45
1613_0014_0021_0035_0035.jpg 1 14 21 35 35
1614_0014_0022_0053_0053.jpg 1 14 22 53 53
1615_0034_0038_0050_0050.jpg 1 34 38 50 50
1616_0005_0025_0064_0064.jpg 1 5 25 64 64
1617_0042_0056_0034_0034.jpg 1 42 56 34 34
1618_0019_0023_0057_0057.jpg 1 19 23 57 57
1619_0039_0028_0034_0034.jpg 1 39 28 34 34
1620_0035_0020_0042_0042.jpg 1 35 20 42 42
1621_0023_0019_0068_0068.jpg 1 23 19 68 68
1622_0031_0039_0039_0039.jpg 1 31 39 39 39
1623_0011_0032_0032_0032.jpg 1 11 32 32 32
1624_0023_0009_0063_0063.jpg 1 23 9 63 63
1625_0027_0019_0047_0047.jpg 1 27 19 47 47
1626_0025_0015_0066_0066.jpg 1 25 15 66 66
1627_0015_0032_0063_0063.jpg 1 15 32 63 63
1628_0044_0009_0028_0028.jpg 1 44 9 28 28
1629_0062_0053_0028_0028.jpg 1 62 53 28 28
1630_0006_0036_0047_0047.jpg 1 6 36 47 47
1631_0021_0010_0060_0060.jpg 1 21 10 60 60
1632_0053_0008_0024_0024.jpg 1 53 8 24 24
1633_0063_0058_0028_0028.jpg 1 63 58 28 28
1634_0019_0010_0062_0062.jpg 1 19 10 62 62
1635_0045_0042_0048_0048.jpg 1 45 42 48 48
1636_0011_0049_0035_0035.jpg 1 11 49 35 35
1637_0067_0058_0025_0025.jpg 1 67 58 25 25
1638_0031_0015_0051_0051.jpg 1 31 15 51 51
1639_0005_0005_0066_0066.jpg 1 5 5 66 66
1640_0057_0010_0034_0034.jpg 1 57 10 34 34
1641_0029_0029_0063_0063.jpg 1 29 29 63 63
1642_0034_0034_0049_0049.jpg 1 34 34 49 49
1643_0056_0008_0025_0025.jpg 1 56 8 25 25
1644_0025_0022_0026_0026.jpg 1 25 22 26 26
1645_0012_0026_0056_0056.jpg 1 12 26 56 56
1646_0015_0030_0055_0055.jpg 1 15 30 55 55
1647_0039_0026_0047_0047.jpg 1 39 26 47 47
1648_0038_0042_0047_0047.jpg 1 38 42 47 47
1649_0029_0015_0048_0048.jpg 1 29 15 48 48
1650_0029_0035_0057_0057.jpg 1 29 35 57 57
1651_0038_0035_0044_0044.jpg 1 38 35 44 44
1652_0027_0050_0037_0037.jpg 1 27 50 37 37
1653_0041_0038_0024_0024.jpg 1 41 38 24 24
1654_0017_0005_0066_0066.jpg 1 17 5 66 66
1655_0033_0021_0033_0033.jpg 1 33 21 33 33
1656_0011_0023_0046_0046.jpg 1 11 23 46 46
1657_0013_0035_0030_0030.jpg 1 13 35 30 30
1658_0040_0030_0048_0048.jpg 1 40 30 48 48
1659_0029_0022_0028_0028.jpg 1 29 22 28 28
1660_0019_0017_0053_0053.jpg 1 19 17 53 53
1661_0037_0038_0036_0036.jpg 1 37 38 36 36
1662_0057_0055_0025_0025.jpg 1 57 55 25 25
1663_0006_0027_0050_0050.jpg 1 6 27 50 50
1664_0003_0028_0067_0067.jpg 1 3 28 67 67
1665_0027_0017_0057_0057.jpg 1 27 17 57 57
1666_0024_0022_0069_0069.jpg 1 24 22 69 69
1667_0033_0014_0062_0062.jpg 1 33 14 62 62
1668_0058_0050_0025_0025.jpg 1 58 50 25 25
1669_0049_0048_0041_0041.jpg 1 49 48 41 41
1670_0023_0008_0032_0032.jpg 1 23 8 32 32
1671_0011_0030_0062_0062.jpg 1 11 30 62 62
1672_0035_0044_0041_0041.jpg 1 35 44 41 41
1673_0046_0041_0047_0047.jpg 1 46 41 47 47
1674_0052_0042_0033_0033.jpg 1 52 42 33 33
1675_0026_0011_0068_0068.jpg 1 26 11 68 68
1676_0017_0029_0054_0054.jpg 1 17 29 54 54
1677_0048_0043_0044_0044.jpg 1 48 43 44 44
1678_0031_0044_0050_0050.jpg 1 31 44 50 50
1679_0034_0022_0042_0042.jpg 1 34 22 42 42
1680_0044_0057_0028_0028.jpg 1 44 57 28 28
1681_0007_0017_0059_0059.jpg 1 7 17 59 59
1682_0019_0011_0066_0066.jpg 1 19 11 66 66
1683_0023_0018_0031_0031.jpg 1 23 18 31 31
1684_0015_0009_0038_0038.jpg 1 15 9 38 38
1685_0013_0036_0038_0038.jpg 1 13 36 38 38
1686_0053_0008_0033_0033.jpg 1 53 8 33 33
1687_0035_0043_0038_0038.jpg 1 35 43 38 38
1688_0022_0016_0062_0062.jpg 1 22 16 62 62
1689_0026_0045_0026_0026.jpg 1 26 45 26 26
1690_0030_0008_0051_0051.jpg 1 30 8 51 51
1691_0028_0027_0048_0048.jpg 1 28 27 48 48
1692_0012_0021_0038_0038.jpg 1 12 21 38 38
1693_0032_0054_0030_0030.jpg 1 32 54 30 30
1694_0028_0015_0046_0046.jpg 1 28 15 46 46
1695_0032_0038_0057_0057.jpg 1 32 38 57 57
1696_0041_0026_0054_0054.jpg 1 41 26 54 54
1697_0006_0045_0044_0044.jpg 1 6 45 44 44
1698_0029_0021_0025_0025.jpg 1 29 21 25 25
1699_0006_0049_0041_0041.jpg 1 6 49 41 41
1700_0035_0041_0029_0029.jpg 1 35 41 29 29
1701_0017_0041_0052_0052.jpg 1 17 41 52 52
1702_0022_0064_0026_0026.jpg 1 22 64 26 26
1703_0044_0006_0034_0034.jpg 1 44 6 34 34
1704_0046_0009_0047_0047.jpg 1 46 9 47 47
1705_0025_0025_0025_0025.jpg 1 25 25 25 25
1706_0047_0031_0045_0045.jpg 1 47 31 45 45
1707_0009_0033_0052_0052.jpg 1 9 33 52 52
1708_0007_0022_0058_0058.jpg 1 7 22 58 58
1709_0012_0021_0052_0052.jpg 1 12 21 52 52
1710_0005_0020_0059_0059.jpg 1 5 20 59 59
1711_0040_0031_0053_0053.jpg 1 40 31 53 53
1712_0055_0043_0033_0033.jpg 1 55 43 33 33
1713_0031_0038_0056_0056.jpg 1 31 38 56 56
1714_0016_0015_0067_0067.jpg 1 16 15 67 67
1715_0014_0021_0056_0056.jpg 1 14 21 56 56
1716_0011_0020_0063_0063.jpg 1 11 20 63 63
1717_0013_0017_0066_0066.jpg 1 13 17 66 66
1718_0021_0020_0048_0048.jpg 1 21 20 48 48
1719_0012_0028_0048_0048.jpg 1 12 28 48 48
1720_0024_0006_0069_0069.jpg 1 24 6 69 69
1721_0007_0028_0031_0031.jpg 1 7 28 31 31
1722_0034_0009_0054_0054.jpg 1 34 9 54 54
1723_0062_0012_0029_0029.jpg 1 62 12 29 29
1724_0055_0033_0033_0033.jpg 1 55 33 33 33
1725_0038_0032_0032_0032.jpg 1 38 32 32 32
1726_0033_0011_0054_0054.jpg 1 33 11 54 54
1727_0025_0033_0057_0057.jpg 1 25 33 57 57
1728_0016_0040_0049_0049.jpg 1 16 40 49 49
1729_0028_0015_0067_0067.jpg 1 28 15 67 67
1730_0031_0030_0036_0036.jpg 1 31 30 36 36
1731_0035_0025_0059_0059.jpg 1 35 25 59 59
1732_0003_0029_0061_0061.jpg 1 3 29 61 61
1733_0007_0024_0066_0066.jpg 1 7 24 66 66
1734_0025_0033_0055_0055.jpg 1 25 33 55 55
1735_0039_0012_0027_0027.jpg 1 39 12 27 27
1736_0028_0036_0056_0056.jpg 1 28 36 56 56
1737_0010_0013_0058_0058.jpg 1 10 13 58 58
1738_0005_0015_0050_0050.jpg 1 5 15 50 50
1739_0020_0009_0056_0056.jpg 1 20 9 56 56
1740_0028_0008_0057_0057.jpg 1 28 8 57 57
1741_0012_0019_0058_0058.jpg 1 12 19 58 58
1742_0027_0008_0036_0036.jpg 1 27 8 36 36
1743_0052_0042_0026_0026.jpg 1 52 42 26 26
1744_0067_0049_0024_0024.jpg 1 67 49 24 24
1745_0044_0014_0043_0043.jpg 1 44 14 43 43
1746_0005_0008_0065_0065.jpg 1 5 8 65 65
1747_0009_0033_0062_0062.jpg 1 9 33 62 62
1748_0016_0027_0052_0052.jpg 1 16 27 52 52
1749_0039_0037_0046_0046.jpg 1 39 37 46 46
1750_0035_0027_0052_0052.jpg 1 35 27 52 52
1751_0046_0006_0040_0040.jpg 1 46 6 40 40
1752_0054_0052_0035_0035.jpg 1 54 52 35 35
1753_0044_0013_0042_0042.jpg 1 44 13 42 42
1754_0008_0029_0062_0062.jpg 1 8 29 62 62
1755_0010_0042_0041_0041.jpg 1 10 42 41 41
1756_0007_0024_0067_0067.jpg 1 7 24 67 67
1757_0027_0025_0032_0032.jpg 1 27 25 32 32
1758_0041_0026_0026_0026.jpg 1 41 26 26 26
1759_0019_0015_0060_0060.jpg 1 19 15 60 60
1760_0041_0047_0044_0044.jpg 1 41 47 44 44
1761_0007_0041_0041_0041.jpg 1 7 41 41 41
1762_0017_0040_0043_0043.jpg 1 17 40 43 43
1763_0049_0029_0032_0032.jpg 1 49 29 32 32
1764_0017_0011_0053_0053.jpg 1 17 11 53 53
1765_0039_0005_0054_0054.jpg 1 39 5 54 54
1766_0037_0016_0058_0058.jpg 1 37 16 58 58
1767_0036_0011_0035_0035.jpg 1 36 11 35 35
1768_0028_0053_0037_0037.jpg 1 28 53 37 37
1769_0009_0051_0038_0038.jpg 1 9 51 38 38
1770_0019_0017_0068_0068.jpg 1 19 17 68 68
1771_0028_0033_0062_0062.jpg 1 28 33 62 62
1772_0034_0010_0057_0057.jpg 1 34 10 57 57
1773_0033_0035_0044_0044.jpg 1 33 35 44 44
1774_0024_0018_0059_0059.jpg 1 24 18 59 59
1775_0023_0049_0039_0039.jpg 1 23 49 39 39
1776_0020_0064_0024_0024.jpg 1 20 64 24 24
1777_0032_0035_0030_0030.jpg 1 32 35 30 30
1778_0032_0035_0033_0033.jpg 1 32 35 33 33
1779_0040_0017_0029_0029.jpg 1 40 17 29 29
1780_0018_0018_0067_0067.jpg 1 18 18 67 67
1781_0040_0015_0051_0051.jpg 1 40 15 51 51
1782_0022_0040_0049_0049.jpg 1 22 40 49 49
1783_0004_0031_0059_0059.jpg 1 4 31 59 59
1784_0030_0027_0050_0050.jpg 1 30 27 50 50
1785_0010_0025_0065_0065.jpg 1 10 25 65 65
1786_0045_0056_0032_0032.jpg 1 45 56 32 32
1787_0021_0007_0032_0032.jpg 1 21 7 32 32
1788_0017_0025_0050_0050.jpg 1 17 25 50 50
1789_0006_0013_0035_0035.jpg 1 6 13 35 35
1790_0018_0009_0053_0053.jpg 1 18 9 53 53
1791_0034_0007_0031_0031.jpg 1 34 7 31 31
1792_0031_0024_0052_0052.jpg 1 31 24 52 52
1793_0037_0022_0056_0056.jpg 1 37 22 56 56
1794_0027_0005_0045_0045.jpg 1 27 5 45 45
1795_0017_0012_0064_0064.jpg 1 17 12 64 64
1796_0033_0026_0037_0037.jpg 1 33 26 37 37
1797_0047_0038_0034_0034.jpg 1 47 38 34 34
1798_0050_0023_0042_0042.jpg 1 50 23 42 42
1799_0043_0045_0031_0031.jpg 1 43 45 31 31
1800_0065_0040_0027_0027.jpg 1 65 40 27 27
1801_0018_0036_0054_0054.jpg 1 18 36 54 54
1802_0021_0006_0063_0063.jpg 1 21 6 63 63
1803_0014_0004_0057_0057.jpg 1 14 4 57 57
1804_0026_0051_0026_0026.jpg 1 26 51 26 26
1805_0014_0021_0069_0069.jpg 1 14 21 69 69
1806_0026_0013_0055_0055.jpg 1 26 13 55 55
1807_0010_0016_0056_0056.jpg 1 10 16 56 56
1808_0036_0045_0041_0041.jpg 1 36 45 41 41
1809_0028_0004_0068_0068.jpg 1 28 4 68 68
1810_0018_0032_0051_0051.jpg 1 18 32 51 51
1811_0022_0024_0053_0053.jpg 1 22 24 53 53
1812_0003_0017_0061_0061.jpg 1 3 17 61 61
1813_0025_0015_0057_0057.jpg 1 25 15 57 57
1814_0033_0028_0027_0027.jpg 1 33 28 27 27
1815_0014_0045_0046_0046.jpg 1 14 45 46 46
1816_0038_0008_0056_0056.jpg 1 38 8 56 56
1817_0006_0008_0059_0059.jpg 1 6 8 59 59
1818_0007_0014_0055_0055.jpg 1 7 14 55 55
1819_0004_0012_0052_0052.jpg 1 4 12 52 52
1820_0049_0041_0036_0036.jpg 1 49 41 36 36
1821_0028_0026_0057_0057.jpg 1 28 26 57 57
1822_0053_0029_0038_0038.jpg 1 53 29 38 38
1823_0007_0031_0062_0062.jpg 1 7 31 62 62
1824_0005_0031_0058_0058.jpg 1 5 31 58 58
1825_0038_0011_0040_0040.jpg 1 38 11 40 40
1826_0010_0009_0034_0034.jpg 1 10 9 34 34
1827_0032_0043_0032_0032.jpg 1 32 43 32 32
1828_0009_0009_0068_0068.jpg 1 9 9 68 68
1829_0016_0021_0041_0041.jpg 1 16 21 41 41
1830_0023_0029_0052_0052.jpg 1 23 29 52 52
1831_0029_0037_0035_0035.jpg 1 29 37 35 35
1832_0024_0025_0068_0068.jpg 1 24 25 68 68
1833_0023_0021_0069_0069.jpg 1 23 21 69 69
1834_0031_0006_0045_0045.jpg 1 31 6 45 45
1835_0016_0024_0047_0047.jpg 1 16 24 47 47
1836_0014_0064_0026_0026.jpg 1 14 64 26 26
1837_0036_0039_0050_0050.jpg 1 36 39 50 50
1838_0045_0031_0044_0044.jpg 1 45 31 44 44
1839_0016_0013_0060_0060.jpg 1 16 13 60 60
1840_0009_0031_0056_0056.jpg 1 9 31 56 56
1841_0021_0034_0060_0060.jpg 1 21 34 60 60
1842_0020_0005_0062_0062.jpg 1 20 5 62 62
1843_0008_0011_0050_0050.jpg 1 8 11 50 50
1844_0007_0015_0056_0056.jpg 1 7 15 56 56
1845_0024_0034_0059_0059.jpg 1 24 34 59 59
1846_0029_0019_0044_0044.jpg 1 29 19 44 44
1847_0044_0035_0040_0040.jpg 1 44 35 40 40
1848_0009_0024_0036_0036.jpg 1 9 24 36 36
1849_0019_0029_0029_0029.jpg 1 19 29 29 29
1850_0017_0012_0052_0052.jpg 1 17 12 52 52
1851_0013_0006_0041_0041.jpg 1 13 6 41 41
1852_0038_0011_0035_0035.jpg 1 38 11 35 35
1853_0039_0067_0025_0025.jpg 1 39 67 25 25
1854_0042_0027_0026_0026.jpg 1 42 27 26 26
1855_0035_0041_0035_0035.jpg 1 35 41 35 35
1856_0031_0015_0056_0056.jpg 1 31 15 56 56
1857_0027_0013_0035_0035.jpg 1 27 13 35 35
1858_0062_0018_0029_0029.jpg 1 62 18 29 29
1859_0009_0017_0064_0064.jpg 1 9 17 64 64
1860_0011_0024_0065_0065.jpg 1 11 24 65 65
1861_0008_0027_0064_0064.jpg 1 8 27 64 64
1862_0051_0030_0036_0036.jpg 1 51 30 36 36
1863_0057_0047_0029_0029.jpg 1 57 47 29 29
1864_0015_0031_0065_0065.jpg 1 15 31 65 65
1865_0039_0010_0046_0046.jpg 1 39 10 46 46
1866_0009_0040_0040_0040.jpg 1 9 40 40 40
1867_0050_0043_0042_0042.jpg 1 50 43 42 42
1868_0018_0028_0059_0059.jpg 1 18 28 59 59
1869_0031_0024_0054_0054.jpg 1 31 24 54 54
1870_0008_0024_0066_0066.jpg 1 8 24 66 66
1871_0016_0007_0057_0057.jpg 1 16 7 57 57
1872_0022_0023_0045_0045.jpg 1 22 23 45 45
1873_0013_0042_0028_0028.jpg 1 13 42 28 28
1874_0030_0004_0058_0058.jpg 1 30 4 58 58
1875_0061_0047_0032_0032.jpg 1 61 47 32 32
1876_0031_0030_0041_0041.jpg 1 31 30 41 41
1877_0004_0018_0067_0067.jpg 1 4 18 67 67
1878_0026_0007_0049_0049.jpg 1 26 7 49 49
1879_0011_0044_0050_0050.jpg 1 11 44 50 50
1880_0015_0022_0066_0066.jpg 1 15 22 66 66
1881_0015_0010_0060_0060.jpg 1 15 10 60 60
1882_0029_0049_0040_0040.jpg 1 29 49 40 40
1883_0013_0038_0052_0052.jpg 1 13 38 52 52
1884_0011_0015_0025_0025.jpg 1 11 15 25 25
1885_0033_0048_0035_0035.jpg 1 33 48 35 35
1886_0015_0018_0068_0068.jpg 1 15 18 68 68
1887_0053_0010_0026_0026.jpg 1 53 10 26 26
1888_0041_0026_0052_0052.jpg 1 41 26 52 52
1889_0008_0020_0059_0059.jpg 1 8 20 59 59
1890_0027_0034_0051_0051.jpg 1 27 34 51 51
1891_0008_0014_0052_0052.jpg 1 8 14 52 52
1892_0043_0008_0043_0043.jpg 1 43 8 43 43
1893_0034_0019_0050_0050.jpg 1 34 19 50 50
1894_0044_0010_0042_0042.jpg 1 44 10 42 42
1895_0038_0020_0057_0057.jpg 1 38 20 57 57
1896_0026_0052_0031_0031.jpg 1 26 52 31 31
1897_0034_0022_0031_0031.jpg 1 34 22 31 31
1898_0008_0027_0036_0036.jpg 1 8 27 36 36
1899_0007_0021_0053_0053.jpg 1 7 21 53 53
1900_0027_0008_0053_0053.jpg 1 27 8 53 53
1901_0012_0055_0033_0033.jpg 1 12 55 33 33
1902_0009_0012_0024_0024.jpg 1 9 12 24 24
1903_0043_0058_0032_0032.jpg 1 43 58 32 32
1904_0006_0026_0050_0050.jpg 1 6 26 50 50
1905_0010_0005_0067_0067.jpg 1 10 5 67 67
1906_0006_0026_0048_0048.jpg 1 6 26 48 48
1907_0011_0034_0059_0059.jpg 1 11 34 59 59
1908_0012_0010_0033_0033.jpg 1 12 10 33 33
1909_0045_0049_0026_0026.jpg 1 45 49 26 26
1910_0006_0008_0056_0056.jpg 1 6 8 56 56
1911_0043_0027_0035_0035.jpg 1 43 27 35 35
1912_0014_0031_0047_0047.jpg 1 14 31 47 47
1913_0034_0018_0054_0054.jpg 1 34 18 54 54
1914_0039_0031_0050_0050.jpg 1 39 31 50 50
1915_0020_0023_0044_0044.jpg 1 20 23 44 44
1916_0034_0023_0028_0028.jpg 1 34 23 28 28
1917_0006_0033_0061_0061.jpg 1 6 33 61 61
1918_0031_0057_0033_0033.jpg 1 31 57 33 33
1919_0009_0022_0026_0026.jpg 1 9 22 26 26
1920_0019_0017_0062_0062.jpg 1 19 17 62 62
1921_0052_0013_0032_0032.jpg 1 52 13 32 32
1922_0016_0058_0034_0034.jpg 1 16 58 34 34
1923_0029_0029_0062_0062.jpg 1 29 29 62 62
1924_0052_0047_0029_0029.jpg 1 52 47 29 29
1925_0008_0031_0037_0037.jpg 1 8 31 37 37
1926_0013_0023_0068_0068.jpg 1 13 23 68 68
1927_0025_0031_0046_0046.jpg 1 25 31 46 46
1928_0014_0049_0044_0044.jpg 1 14 49 44 44
1929_0013_0021_0040_0040.jpg 1 13 21 40 40
1930_0019_0010_0026_0026.jpg 1 19 10 26 26
1931_0015_0045_0039_0039.jpg 1 15 45 39 39
1932_0022_0031_0042_0042.jpg 1 22 31 42 42
1933_0041_0015_0049_0049.jpg 1 41 15 49 49
1934_0014_0035_0053_0053.jpg 1 14 35 53 53
1935_0030_0042_0041_0041.jpg 1 30 42 41 41
1936_0026_0047_0047_0047.jpg 1 26 47 47 47
1937_0006_0005_0055_0055.jpg 1 6 5 55 55
1938_0006_0024_0043_0043.jpg 1 6 24 43 43
1939_0043_0046_0037_0037.jpg 1 43 46 37 37
1940_0016_0029_0065_0065.jpg 1 16 29 65 65
1941_0039_0040_0037_0037.jpg 1 39 40 37 37
1942_0035_0043_0048_0048.jpg 1 35 43 48 48
1943_0039_0008_0056_0056.jpg 1 39 8 56 56
1944_0037_0008_0045_0045.jpg 1 37 8 45 45
1945_0047_0048_0036_0036.jpg 1 47 48 36 36
1946_0014_0036_0057_0057.jpg 1 14 36 57 57
1947_0047_0026_0030_0030.jpg 1 47 26 30 30
1948_0041_0026_0049_0049.jpg 1 41 26 49 49
1949_0037_0033_0057_0057.jpg 1 37 33 57 57
1950_0006_0010_0058_0058.jpg 1 6 10 58 58
